       0        0 -171.838
-0.0238478  0.0436644   -171.269
0.00481223  0.0516883   -171.255
0.0323321 0.0631422  -171.238
0.0644464 0.0757282  -171.215
0.102303 0.087146 -171.186
 0.140174 0.0996811  -171.153
  0.1792 0.114483 -171.119
0.218224 0.122401 -171.089
0.256082  0.12232 -171.069
0.290474  0.11312 -171.062
 0.314543 0.0982107   -171.06
 0.320277 0.0855928  -171.058
 0.308825 0.0775399  -171.052
 0.284771 0.0729146  -171.044
0.248113 0.067137 -171.034
0.208015 0.057933 -171.025
 0.177077 0.0372945  -171.022
 0.158741 0.0040723  -171.025
  0.144991 -0.0302878   -171.032
  0.132394 -0.0646411   -171.042
 0.123246 -0.094405  -171.056
 0.111817 -0.119583  -171.072
 0.093519 -0.129866   -171.09
0.0683442 -0.127551  -171.106
0.0420145 -0.119517  -171.118
0.0202626 -0.114928  -171.129
0.00995616  -0.119511   -171.132
0.0122352 -0.137847  -171.126
0.0202117 -0.163063  -171.109
0.0247057 -0.182556  -171.079
0.0245796 -0.188302   -171.04
0.0255953 -0.183736      -171
0.0323739  -0.17573  -170.969
0.0529694 -0.175738  -170.959
0.0919611 -0.191769  -170.968
 0.138994 -0.218098  -170.982
 0.179126 -0.245585  -170.988
 0.205473 -0.270804  -170.986
 0.214595 -0.299486  -170.976
 0.215672 -0.338495  -170.964
 0.219045 -0.396977  -170.954
 0.228215 -0.480631  -170.954
 0.245505 -0.586015  -170.965
 0.264093 -0.708535  -170.987
 0.270244 -0.826423  -171.019
 0.262863 -0.930513  -171.061
0.248869 -1.01852 -171.114
0.237556 -1.09041 -171.184
0.229135 -1.15534 -171.281
0.230597 -1.21099 -171.407
0.244288 -1.26764 -171.563
0.265479 -1.32645  -171.74
 0.28447 -1.37949 -171.913
0.292532 -1.42003 -172.055
0.296238 -1.45159 -172.158
0.295993  -1.5039 -172.237
0.293393 -1.57801 -172.311
0.300281 -1.68875 -172.392
  0.3285 -1.85554 -172.489
0.379339 -2.06801 -172.601
0.438092  -2.3135 -172.729
0.488977 -2.56447 -172.875
0.515982 -2.80834 -173.035
0.506377 -3.01884 -173.207
0.443405 -3.19623 -173.377
0.342104 -3.35221  -173.53
0.238396 -3.50058 -173.654
0.150054 -3.66532 -173.745
0.0791041  -3.81764  -173.799
0.0130559  -3.96776  -173.822
-0.0466221    -4.1179   -173.821
-0.085302  -4.30928  -173.809
-0.111181   -4.5614  -173.786
-0.136006   -4.8398  -173.735
-0.175558  -5.12612  -173.649
-0.232659  -5.39509  -173.539
-0.308972  -5.65704  -173.425
-0.373649   -5.9156   -173.34
-0.401813  -6.19846  -173.301
-0.39568 -6.49882 -173.305
-0.362852  -6.79595  -173.341
-0.33356 -7.08508 -173.384
-0.314212  -7.35925   -173.42
-0.306658  -7.63448  -173.443
-0.285752  -7.90617  -173.445
-0.215327  -8.16863  -173.432
-0.117875  -8.39098  -173.416
-0.0470942   -8.49183   -173.399
-0.0503233   -8.42419   -173.377
-0.121079  -8.20184  -173.355
-0.204136   -7.9119  -173.352
-0.25119 -7.64034  -173.36
-0.255248  -7.40309  -173.355
-0.250059  -7.18062  -173.324
-0.29194 -6.92473 -173.253
-0.413266  -6.58379  -173.157
-0.612726  -6.22647  -173.055
-0.795412  -5.93158  -172.932
-0.907746  -5.75028  -172.763
-0.991026  -5.62963  -172.536
-1.11694  -5.4883 -172.266
-1.33864 -5.29972 -171.968
-1.59441 -5.06295 -171.764
-1.83634 -4.82894 -171.683
-1.98488 -4.65763 -171.911
-2.00422 -4.56037 -172.542
-1.96702 -4.49786 -173.479
-1.88528 -4.41477 -174.815
-1.71797 -4.33085 -176.321
-1.53505 -4.28959 -177.521
-1.32016 -4.26954  -178.68
-1.07739 -4.21181 -179.637
-0.837042  -4.11283   179.771
-0.565681  -4.02044   179.357
-0.226892  -3.99551   178.991
0.17461 -4.0118 178.663
0.543508 -4.03071  178.376
0.812151  -3.9781  178.094
0.962133 -3.73075  177.826
  1.0043 -3.36877  177.591
0.984453 -2.95613  177.348
0.958128 -2.56005  177.061
0.935671 -2.26764  176.724
0.885402 -2.01963  176.351
0.883661 -1.88581  175.931
 1.04648 -1.92023  175.452
 1.34311 -2.16169  174.922
 1.57948 -2.37762   174.43
 1.66477 -2.37793  174.035
 1.66007 -2.31169   173.73
 1.65034 -2.28515  173.487
 1.68857 -2.35029   173.28
1.77743 -2.5046 173.106
 1.86663 -2.67449   172.96
 1.89838 -2.82238  172.849
1.86421 -2.8808 172.775
 1.80398 -2.99036  172.719
 1.71989 -3.07877  172.681
 1.61835 -3.16571  172.671
 1.50611 -3.22816  172.688
 1.37933 -3.20368  172.718
 1.24481 -3.13425  172.744
 1.10432 -3.01853  172.753
0.980344 -2.86895  172.732
0.889051 -2.72572  172.674
0.829379 -2.56624    172.6
0.814766 -2.41505   172.54
0.825158 -2.28191  172.539
0.828961 -2.11552  172.619
0.804593  -1.9176  172.822
0.827058 -1.69361  173.129
0.876399 -1.47999  173.502
0.876413 -1.25938  173.934
0.829143 -1.06203  174.398
  0.84244 -0.996664   174.872
 0.97166 -1.05242  175.347
 1.13729 -1.23155  175.848
 1.18979 -1.32372  176.427
 1.03093 -1.04789  177.117
 0.816209 -0.715737   177.871
 0.691342 -0.456078   178.635
 0.755521 -0.314575   179.336
  1.04342 -0.412157   179.919
  1.49057 -0.692398  -179.663
 1.97572 -1.03111 -179.478
 2.40932 -1.27553 -179.516
 2.71878 -1.32262 -179.594
 2.93835 -1.40479 -179.606
 3.05468 -1.35514 -179.478
 3.10131 -1.30094 -179.161
 3.14715 -1.30782 -178.804
 3.20272 -1.35929 -178.478
 3.26365 -1.42462 -178.198
 3.32798 -1.50078 -177.974
 3.38902 -1.60578 -177.812
 3.42022 -1.70448 -177.699
 3.42411 -1.78058 -177.639
 3.41457 -1.85947 -177.627
 3.36907 -1.90356  -177.64
 3.28137 -1.87243 -177.661
 3.18251  -1.8212 -177.693
 3.08166 -1.75909 -177.735
 2.99105 -1.67297 -177.777
2.93604  -1.619 -177.82
 2.99474  -1.6813 -177.904
 3.27259 -2.00622 -178.081
 3.60621 -2.45538 -178.302
 3.81711 -2.80133 -178.468
 3.81496 -2.96073 -178.493
 3.59657 -2.92488 -178.354
 3.29766 -2.75966 -178.138
 3.05932 -2.65629 -177.929
  2.9334 -2.68173 -177.839
 2.90304 -2.78559 -177.876
 2.95413 -2.96773 -178.024
 3.05631 -3.16009 -178.281
 3.18876 -3.37688 -178.629
  3.3269 -3.55987 -179.032
 3.42435 -3.64588 -179.466
 3.46387 -3.67135 -179.904
  3.4629 -3.65436  179.682
 3.44357 -3.63825  179.319
  3.4437 -3.62882  179.028
 3.47693 -3.66762  178.813
  3.5154 -3.69741  178.679
 3.54241 -3.70392  178.617
 3.52883 -3.64275  178.614
 3.44982 -3.46875  178.666
 3.34138 -3.25996  178.753
 3.20974 -2.98614  178.871
 3.02135 -2.63639  179.037
2.78214 -2.1984 179.264
 2.58865 -1.72859  179.517
 2.61775 -1.45001   179.71
2.90168 -1.3678 179.793
 3.26483 -1.38229  179.784
 3.50686 -1.29388  179.748
 3.57174 -1.07935  179.721
  3.52969 -0.920182   179.697
 3.47364 -0.82034  179.682
  3.48068 -0.927889   179.672
 3.56581 -1.21747  179.666
  3.6952 -1.62713  179.684
 3.81033 -2.10785  179.747
 3.86382 -2.49478  179.818
 3.84938 -2.83973  179.931
 3.77902  -3.1215 -179.952
 3.65629 -3.30178 -179.852
 3.54291 -3.44553 -179.799
 3.46429 -3.55423 -179.809
  3.4054 -3.63759 -179.877
  3.3539 -3.63678 -179.989
 3.32117 -3.58981  179.857
 3.32812 -3.52267  179.671
 3.37872 -3.37916   179.48
 3.49643 -3.25399  179.293
 3.67478 -3.15463  179.103
 3.89635 -3.10062  178.895
 4.09645 -3.07049  178.678
 4.18604 -3.01804  178.462
 4.21914 -3.00693  178.249
  4.3428 -3.12347  178.021
 4.54622 -3.40228  177.798
 4.64722 -3.58587  177.631
 4.5643  -3.618 177.543
 4.34415 -3.52886  177.537
 4.09294 -3.44833   177.57
 3.91654 -3.47099  177.581
 3.85419 -3.61841  177.531
 3.88773 -3.89546  177.405
 3.96057 -4.20868  177.221
 4.01407 -4.53896  177.002
 4.00702 -4.78706  176.779
 3.93707 -4.96205  176.563
 3.79443 -5.04912  176.368
 3.58193 -5.00222  176.211
3.35212 -4.8527 176.079
 3.16453 -4.69289  175.959
  3.0513 -4.52611  175.854
 3.04149 -4.40949  175.759
 3.14949 -4.37438  175.684
3.33294 -4.3787 175.658
 3.51405 -4.38172  175.709
3.67168 -4.3877  175.84
 3.82904 -4.38884  176.051
 3.98979 -4.36712  176.322
 4.09083 -4.26201  176.643
 4.10763 -4.02611  176.983
 4.11184 -3.77518  177.225
 4.20182 -3.49229  177.183
 4.38744 -3.24377   176.88
 4.48301 -3.00557  176.751
 4.45465 -2.71986  176.928
  4.3502 -2.41481   177.26
 4.30859 -2.22901  177.635
 4.44226 -2.24837  178.008
 4.75979 -2.48442  178.305
 5.1446 -2.8696  178.53
 5.46164 -3.28396  178.704
 5.61418 -3.65044  178.805
 5.63462 -3.93671  178.757
  5.5842 -4.17236  178.594
 5.52221 -4.36629  178.332
 5.45437 -4.55104  178.068
 5.38051 -4.70862  178.001
 5.34594 -4.83164  178.058
 5.37223 -4.90818  178.086
 5.41937 -4.93795  178.059
5.45542 -4.9114 177.974
 5.47064 -4.80828  177.849
 5.45851 -4.62918   177.69
 5.41926 -4.38753  177.504
 5.38772 -4.11273  177.295
5.41275 -3.8497 177.051
5.49892 -3.6441 176.772
 5.57253 -3.46017  176.494
 5.54821 -3.26454  176.263
 5.42311 -3.05329  176.095
 5.30041 -2.90427  175.958
5.27377  -2.905 175.804
 5.33348 -3.05724  175.629
 5.40135 -3.31523  175.464
 5.41906 -3.59001  175.343
 5.39329 -3.86344   175.28
 5.35232 -4.13765  175.226
 5.31722 -4.39301  175.142
 5.32273 -4.65009  175.015
5.39886  -4.881 174.695
 5.48358 -5.06272   174.25
 5.53808 -5.17847   173.81
 5.56364 -5.25121  173.416
 5.61657 -5.30586  173.018
 5.70197 -5.36129  172.621
 5.78014 -5.42736  172.231
5.82817 -5.4857 171.861
 5.84113 -5.52297  171.524
   5.802 -5.54027  171.239
5.71663 -5.5237 171.017
 5.60741 -5.50378  170.851
 5.49531 -5.49629  170.726
  5.3873 -5.50449  170.642
5.26197 -5.4827 170.619
 5.12381 -5.41579   170.67
 5.01894 -5.31969  170.783
 5.00144 -5.20163  170.924
 5.03187 -5.08423  171.058
  5.0508 -4.96602   171.17
  5.1262 -4.88932  171.229
  5.3118 -4.87029  171.222
 5.47883 -4.84886  171.191
 5.49101 -4.75587  171.196
 5.37323 -4.57257   171.26
 5.25618 -4.44662  171.345
 5.22708 -4.41484  171.439
 5.28244 -4.49453   171.54
 5.38851 -4.64921  171.651
 5.51032 -4.82035  171.763
 5.62188 -5.00398  171.869
 5.70497 -5.13403  171.969
 5.75095 -5.22484  172.046
 5.76665 -5.30057  172.075
 5.74762 -5.35192  172.057
 5.72159 -5.43209  172.004
 5.71144 -5.51021  171.942
  5.7176 -5.61362  171.879
 5.70035 -5.72916  171.833
  5.6356 -5.82663  171.814
5.54017 -5.9018 171.803
 5.43799 -5.93546  171.769
 5.34758 -5.97968  171.699
 5.28352 -5.99448  171.597
 5.23802 -5.96566  171.472
 5.15954 -5.89733  171.342
 4.99915 -5.75652  171.224
 4.8396 -5.6588 171.107
 4.84567 -5.67871  170.988
 5.05663 -5.81915   170.89
  5.2993 -6.02484  170.867
 5.39983 -6.13393   170.96
 5.31442 -6.11541  171.156
 5.11839 -6.01756  171.412
 4.92519 -5.89345  171.668
  4.8396 -5.84269   171.83
 4.92555 -5.87771  171.821
 5.17597 -5.97573  171.479
 5.44479 -6.05228  170.947
  5.6258 -6.05345  170.432
 5.63149 -5.96604  170.083
 5.50559 -5.81692  169.844
  5.3586 -5.66795  169.636
 5.21322 -5.52757  169.466
  5.0549 -5.38955  169.342
 4.91134 -5.25847  169.255
  4.8325 -5.17892  169.174
 4.87926 -5.18681  169.077
 5.06175 -5.28237  168.954
 5.29624 -5.40631  168.844
 5.49891 -5.47299  168.829
 5.63587 -5.42803   168.96
 5.70203 -5.28914  169.248
 5.70276 -5.03944  169.674
 5.65671 -4.71529  170.189
 5.61645 -4.35159  170.728
 5.65853 -3.99182  171.225
 5.72862 -3.66296  171.657
 5.71326 -3.31805  172.043
  5.6202 -3.01008  172.396
 5.52855 -2.76689  172.732
 5.52026 -2.62489  173.031
 5.64953 -2.62533  173.271
 5.89666 -2.72259  173.421
 6.18576 -2.89078  173.458
 6.44794 -3.09004  173.284
 6.60463 -3.24496  173.009
 6.67582 -3.35284  172.733
 6.68614 -3.43919  172.502
 6.68182 -3.54827  172.366
6.72282 -3.7111 172.264
 6.79952 -3.94243  172.184
6.90867 -4.2326 172.122
 7.00744 -4.53672  172.079
 7.04326 -4.84361   172.05
 6.97117 -5.07559  172.033
 6.80653 -5.22727  172.023
 6.60343 -5.32142  172.006
 6.43247 -5.38879  171.978
 6.31197 -5.44136  171.951
 6.21005 -5.49478  171.911
 6.24608 -5.62249  171.671
 6.51141 -5.86362  170.854
 6.82129 -6.15928  169.751
 6.91004 -6.29294  168.982
 6.78564 -6.30035  168.879
  6.5905 -6.25593  169.211
 6.49615 -6.22315  169.592
 6.59724 -6.30191  169.825
 6.94958 -6.51656   169.72
 7.50958 -6.84056  169.301
 8.09677 -7.18279  168.718
 8.59202 -7.51354  168.019
 8.9066 -7.7649 167.295
  9.0221 -7.88983   166.68
8.89798 -7.9102 166.371
8.52186 -7.7816 166.321
8.03439 -7.5391 166.372
 7.61885 -7.31109  166.428
 7.33398 -7.08799  166.434
  7.2015 -6.90935  166.369
 7.19712 -6.77056  166.262
 7.24175 -6.61463  166.166
 7.28022 -6.43975  166.131
 7.27414 -6.20572  166.197
 7.23247 -5.92778  166.373
 7.15847 -5.65373  166.627
 7.07281 -5.42539  166.906
 7.03099 -5.32018   167.18
 7.08645 -5.33887  167.462
 7.31307 -5.48459  167.743
 7.59868 -5.66349  168.037
 7.71915 -5.75393  168.364
7.60639 -5.6886 168.733
 7.27741 -5.47342  169.146
 6.96616 -5.31532  169.458
 6.78928 -5.23666  169.642
 6.81119 -5.31456  169.741
7.00647 -5.5389 169.794
 7.28376 -5.83371  169.842
 7.60328 -6.21182  169.902
 7.90512 -6.57504  169.993
 8.15848 -6.91326    170.1
 8.33617 -7.20466   170.21
 8.39897 -7.38302  170.331
 8.41322 -7.49503  170.452
 8.32194 -7.46814  170.578
 8.15815 -7.35468   170.67
 7.97464 -7.17076  170.692
7.82786 -6.9406 170.633
 7.70205 -6.67038  170.481
 7.56801 -6.32927  170.274
   7.409 -5.93431  170.041
 7.21895 -5.50268  169.814
   7.053 -5.08359   169.57
 6.95894 -4.73337  169.286
 6.95214 -4.49568  168.973
 7.12023 -4.43602  168.649
 7.54046 -4.59614  168.315
 8.19273 -4.96528  167.967
8.85852 -5.4506  167.64
 9.34242 -5.92406  167.385
 9.54575 -6.29677   167.24
9.41322 -6.5459 167.201
9.03992 -6.6695 167.215
 8.61751 -6.76333  167.196
 8.20951 -6.87136  167.076
 7.87945 -7.03404  166.819
 7.70541 -7.29226  166.446
 7.63825 -7.59143  165.991
 7.61081 -7.91978  165.507
 7.52227 -8.18229  165.058
 7.36306 -8.35288  164.663
 7.19277 -8.46126  164.318
 7.01814 -8.51177  164.014
 6.90754 -8.55869  163.721
 6.84813 -8.58599  163.465
   6.809 -8.59849  163.258
  6.7503 -8.58799   163.12
 6.67087 -8.55102  163.081
 6.59509 -8.45549  163.157
  6.5117 -8.28408   163.31
 6.38612 -8.05129  163.496
  6.1701 -7.73798  163.702
5.94494  -7.417 163.907
 5.91121 -7.19887  164.081
 6.18495 -7.13621  164.222
 6.57275 -7.15782  164.364
 6.88005 -7.18442   164.54
 7.08888 -7.18898  164.748
 7.22523 -7.23114  164.946
7.34831 -7.3067 165.065
 7.48648 -7.44147  165.137
 7.62775 -7.60103  165.175
7.72763 -7.7315 165.194
 7.77783 -7.85055  165.198
 7.77251 -7.90943  165.187
 7.77319 -7.96008   165.14
 7.80956 -8.00279  165.061
 7.85971 -8.02464  164.975
 7.97784 -8.07087  164.872
 8.18136 -8.13535  164.793
 8.37483 -8.16908  164.696
 8.52191 -8.15516   164.61
 8.57145 -8.06847  164.528
 8.55391 -7.93047  164.423
 8.5027 -7.7526 164.285
 8.46235 -7.59289  164.079
 8.44119 -7.42855  163.802
 8.39186 -7.26568  163.479
 8.24192 -7.09701  163.152
 8.07248 -6.95728  162.817
 8.06735 -6.97488  162.472
 8.27258 -7.16685  162.155
 8.44515 -7.41649  161.968
 8.38473 -7.60719   161.99
8.13422 -7.6693 162.202
 7.73564 -7.64528  162.531
 7.25498 -7.52427  162.891
 6.83112 -7.41161   163.21
 6.59091 -7.37567  163.447
 6.55234 -7.40866  163.603
 6.68243 -7.52359  163.675
 6.88517 -7.63601  163.683
 7.08248 -7.74645  163.647
 7.19468 -7.80935  163.593
 7.18907 -7.80276  163.549
 7.12536 -7.78019  163.527
 7.03502 -7.71903  163.539
 6.9423 -7.6656 163.586
 6.87153 -7.63006  163.676
 6.83861 -7.61268  163.802
 6.82594 -7.60218  163.967
  6.8183 -7.60909   164.18
 6.81897 -7.62066  164.452
 6.77631 -7.56471  164.792
 6.64926 -7.42704  165.199
 6.39274 -7.17314  165.676
 6.10235 -6.86173  166.176
 5.97907 -6.60959  166.617
 6.08709 -6.46539  166.962
 6.21008 -6.35292  167.273
 6.18479 -6.17277  167.631
 6.02984 -5.90279  168.073
 5.89163 -5.66567  168.563
 5.88152 -5.50472  169.057
 6.05838 -5.46971  169.507
 6.39704 -5.55346  169.891
  6.7907 -5.67658  170.213
 7.12228 -5.79632   170.48
 7.29881 -5.84472  170.716
  7.2894 -5.81062  170.921
7.15711 -5.7412 171.078
 6.96339 -5.66082  171.207
 6.80458 -5.60511  171.322
 6.78861 -5.62894  171.532
 6.81002 -5.70485  171.827
 6.82118 -5.83324  172.231
 6.74445 -5.97528  172.819
 6.56765 -6.06277  173.537
 6.34571 -6.10535  174.413
 6.07962 -6.22781  175.237
 6.02341 -6.15644  175.874
6.08612 -6.0847 176.289
  6.213 -6.0176 176.462
 6.29358 -5.90294  176.463
 6.23858 -5.66372  176.449
 6.14923 -5.41317  176.479
6.12815 -5.2624 176.532
 6.18879 -5.22197  176.587
 6.25947 -5.27591  176.646
 6.34025 -5.44649  176.731
 6.45865 -5.75803   176.84
 6.55734 -6.11625      177
 6.65446 -6.49855  177.155
 6.75662 -6.92614  177.278
 6.84111 -7.31442   177.34
 6.82119 -7.63817  177.388
 6.67963 -7.88772  177.505
 6.41093 -8.07808  177.871
 6.02905 -8.27849  178.835
 5.58294 -8.46787 -179.742
 5.16743  -8.6484 -178.045
 4.72881 -8.80912 -176.155
 4.31555 -8.86416 -174.267
 3.82011 -8.91474  -172.71
 3.36953 -8.88564 -171.528
 2.99389 -8.79253 -170.733
 2.68531 -8.67122 -170.338
 2.42443 -8.51556  -169.97
 2.17146 -8.33396 -169.546
  1.9156 -8.07919 -169.115
 1.68022 -7.73714 -168.758
 1.45002 -7.33489 -168.439
 1.28541 -6.92239 -168.166
 1.26259 -6.65845 -168.042
 1.48961 -6.62806 -168.059
 1.90841 -6.81213 -168.321
 2.36263 -7.07899 -168.761
 2.75279 -7.29656 -169.173
 3.09843 -7.47521 -169.435
 3.45855 -7.66664 -169.729
   3.924 -7.90092 -170.246
 4.41604 -8.19868 -170.934
 4.82855 -8.48619 -171.685
 5.05118 -8.72691 -172.326
 5.03344 -8.95468 -172.651
 4.80211 -9.09238 -172.546
 4.49514  -9.0944 -172.293
 4.18943 -9.18575  -172.02
 3.95762 -9.27622 -171.758
 3.80785  -9.4279 -171.569
3.72636 -9.5556 -171.44
 3.65851 -9.52966 -171.394
 3.61468 -9.42721 -171.422
 3.56947 -9.21604 -171.506
 3.56538 -8.94601 -171.625
 3.62631 -8.65541 -171.758
 3.77453 -8.36692 -171.908
 4.00684 -8.10674 -172.093
 4.26669 -7.85571 -172.316
 4.52174 -7.62451 -172.553
 4.76293 -7.42156  -172.77
 5.04903 -7.33197 -172.964
 5.46209 -7.43637 -173.192
 5.87544 -7.63547 -173.374
 6.17705 -7.84313 -173.443
 6.33709 -7.98739 -173.431
 6.38868 -8.11596 -173.404
 6.38662 -8.22439 -173.422
 6.42066 -8.38791  -173.56
 6.48408 -8.56374 -173.784
 6.53688 -8.70023 -174.057
 6.53454 -8.77343 -174.343
 6.44726 -8.70338 -174.602
 6.32399 -8.57195 -174.833
 6.21164 -8.40205 -175.048
  6.1301 -8.23583 -175.265
 6.07596 -8.12663 -175.483
 6.00593  -7.9758 -175.658
 5.93532 -7.86275 -175.773
 5.87731 -7.77413 -175.822
 5.77869  -7.6781 -175.785
 5.62612 -7.56321  -175.68
 5.43657  -7.4292 -175.495
 5.24818 -7.31985 -175.225
 5.09231 -7.17753 -174.889
  5.0251 -7.08974 -174.546
 5.04455 -6.99324 -174.208
 5.08485 -6.82295 -173.854
 5.07642  -6.5601 -173.447
 5.15556 -6.32042 -172.992
 5.57144 -6.32533 -172.523
   6.309 -6.51038 -172.022
 7.15077 -6.74633 -171.469
 7.90322 -6.89285 -170.859
 8.51028 -6.92576 -170.231
 9.01482  -6.9135 -169.654
 9.44113  -6.8438 -169.163
 9.85456 -6.80857 -168.793
 10.2564 -6.79883 -168.538
 10.6086 -6.81866  -168.38
   10.85 -6.86844 -168.273
 10.9207 -6.89204  -168.15
 10.8267 -6.91682 -167.985
 10.5738 -6.93174 -167.757
 10.1902 -6.96012 -167.462
 9.70316 -6.96934 -167.097
 9.17416 -6.96727 -166.682
 8.67139 -6.96654 -166.264
 8.24219 -6.96645 -165.881
 7.91659 -6.96797 -165.543
 7.70506 -6.93059 -165.229
  7.6037 -6.83841 -164.935
 7.58483 -6.71898  -164.66
 7.58349 -6.52921  -164.37
 7.54568 -6.25939 -164.033
 7.42064  -5.9061 -163.619
 7.21491 -5.48231  -163.12
  7.0269  -5.1155 -162.564
 6.93867 -4.88026 -161.979
 6.93131 -4.77059 -161.373
 6.92318 -4.75257 -160.721
 6.85048 -4.74544 -159.986
  6.7158 -4.74696 -159.158
 6.55097 -4.75616 -158.247
 6.41884 -4.77904 -157.287
 6.42091 -4.89186 -156.356
  6.5445 -5.07468 -155.492
 6.69343 -5.26668 -154.698
 6.79487 -5.39846 -153.964
  6.8047 -5.44961 -153.276
 6.72213 -5.40313 -152.603
 6.60103 -5.29534 -151.916
 6.47587 -5.17607 -151.195
 6.32498 -5.01587 -150.399
  6.1585 -4.86066 -149.518
 5.99947 -4.69637 -148.558
 5.86906  -4.5401 -147.532
  5.7623 -4.41573 -146.437
 5.65288 -4.26884 -145.256
 5.52188 -4.11893 -143.976
 5.35808 -3.93397 -142.604
 5.15835 -3.69494 -141.155
 4.90879 -3.39361 -139.651
 4.53775 -2.95577 -138.098
 4.11959 -2.44903 -136.503
 3.89213 -2.11439 -134.922
 3.99014 -2.11171   -133.4
 4.24754 -2.31549 -131.901
 4.47752  -2.5936 -130.368
 4.54455 -2.76196 -128.776
 4.51055 -2.90285 -127.199
 4.47558 -3.09243 -125.713
 4.46494 -3.31807 -124.366
 4.46177 -3.60557 -123.204
 4.45985 -3.91876 -122.347
 4.36008 -4.13672 -121.642
 4.11383 -4.22057 -120.895
 3.78906 -4.21935 -120.129
 3.49004 -4.22692 -119.414
 3.24645 -4.22959 -118.744
 3.03241  -4.2135 -118.048
 2.82182 -4.12256 -117.312
 2.62861 -3.96273 -116.552
 2.45646 -3.74203 -115.775
  2.3165 -3.44508 -114.992
 2.24744 -3.14347 -114.259
 2.25423 -2.81801  -113.59
 2.34387  -2.5176 -112.974
 2.48126 -2.22261 -112.396
 2.63669 -1.93576  -111.85
 2.75437 -1.62976 -111.342
 2.78028 -1.29649 -110.857
 2.78596 -1.03778 -110.394
  2.85889 -0.907652  -109.971
 3.05301 -0.98532 -109.841
  3.1907 -1.14862 -109.875
 3.12577  -1.2336 -109.769
 2.87016 -1.22357 -109.276
 2.56314 -1.18568 -108.538
 2.34672 -1.18781  -107.79
 2.28579 -1.30557 -107.126
 2.36311 -1.51245 -106.587
 2.49352 -1.74911 -106.191
 2.57267 -1.95004 -105.909
 2.53175  -2.0306 -105.668
 2.39845 -2.01834 -105.414
 2.20959 -1.92542 -105.125
 1.97711 -1.76432 -104.796
 1.72819 -1.56834 -104.426
 1.51324 -1.35227 -104.016
 1.35639 -1.15962 -103.591
  1.2831  -1.0047 -103.157
  1.26863 -0.868556  -102.699
  1.29519 -0.743988  -102.193
  1.29444 -0.554959  -101.614
   1.2163 -0.294355  -100.943
  1.06361 0.0411999  -100.175
0.877752 0.425375 -99.3288
0.692483 0.826737 -98.4301
0.562442   1.2084 -97.5165
0.592934  1.46017 -96.6627
0.79698 1.55132 -95.935
 1.02876  1.59331 -95.2861
 1.21172  1.70367 -94.6276
 1.30377  1.90799 -93.9246
  1.2761  2.23203 -93.1837
 1.24569  2.56112 -92.4426
 1.30789  2.79487 -91.7622
 1.51482  2.89571 -91.1799
 1.84036  2.85947 -90.6957
 2.15421   2.7808 -90.2736
 2.36161  2.72219 -89.8783
 2.42556  2.71984 -89.4875
 2.36387  2.76773 -89.1016
 2.25735  2.81233 -88.7353
 2.13314  2.85079 -88.4026
2.00893 2.85918 -88.119
 1.88863  2.87065 -87.8743
 1.78699  2.88217 -87.6526
1.70998  2.9093 -87.474
 1.65298  2.94204 -87.3606
 1.59947  2.97451 -87.3161
 1.52485  3.04906 -87.3199
 1.43323  3.13675 -87.3374
 1.32921  3.26377 -87.3473
 1.24314   3.4022 -87.3479
 1.20889  3.51945 -87.3376
  1.1821  3.66525 -87.3015
 1.09296  3.86646 -87.2429
0.883001  4.17024 -87.1869
0.634522  4.44701 -87.1831
0.544646  4.51791 -87.2918
0.662374  4.33436 -87.5297
0.835141  3.95336 -87.8273
0.866644  3.56747 -88.0747
0.714754    3.255 -88.1849
0.456984  2.99656 -88.1568
0.180006  2.77618 -88.0459
-0.0138008    2.49811   -87.9365
-0.109279     2.183  -87.9112
-0.144362   1.84671  -88.0164
-0.167546   1.56456   -88.288
-0.211958   1.35852  -88.7079
-0.288356    1.2224  -89.2613
-0.400751   1.16037  -89.9139
-0.532062    1.1257  -90.6091
-0.680608   1.13006  -91.3022
-0.839814    1.1601  -91.9357
-1.01637  1.22224 -92.4835
-1.21248  1.32521 -92.9333
-1.43511  1.47069 -93.2857
-1.67543  1.68892 -93.5638
 -1.8703  1.93874 -93.8035
-2.00363  2.23434 -94.0467
-2.05126  2.53068 -94.3249
 -1.9911  2.80889 -94.6564
-1.92118  3.09237 -95.0155
-1.92399  3.36509 -95.3545
-1.98057   3.5924 -95.6542
-1.98369   3.6593 -95.9425
-1.92101  3.60557 -96.2565
-1.88469   3.4722 -96.6289
-1.91752  3.32979 -97.0642
-2.03737  3.24369 -97.5713
-2.11551  3.11065 -98.1617
-2.04055  2.88747 -98.8628
 -1.8106  2.52682 -99.6592
-1.52554  2.11165 -100.492
 -1.2935  1.74489 -101.307
-1.16561  1.43891 -102.063
-1.14675    1.219 -102.754
-1.19192  1.03724 -103.391
-1.28475 0.891518 -103.993
-1.42067 0.803818 -104.602
-1.54717 0.737823 -105.262
-1.61813  0.68121 -106.005
 -1.6243 0.614202  -106.85
-1.65533 0.584666 -107.801
-1.74313 0.620567  -108.83
-1.85244   0.7091 -109.907
-1.93698 0.798527 -111.009
-1.98578 0.860967 -112.112
-1.97236 0.881413 -113.207
  -1.929 0.908463 -114.295
-1.96575  0.98231 -115.379
-2.06521  1.10334 -116.478
-2.06673    1.131 -117.617
-1.90763   1.0066 -118.817
-1.69685 0.804222 -120.061
-1.55474 0.570556 -121.309
-1.55218 0.388659 -122.509
-1.62461 0.210858 -123.618
 -1.68623 0.0170546  -124.628
-1.63286 -0.27902 -125.581
-1.43715 -0.70901 -126.516
-1.14483 -1.23205 -127.459
-0.816838  -1.84021  -128.425
-0.521759  -2.44468  -129.419
-0.313792  -3.00898   -130.45
-0.256068  -3.50924    -131.5
-0.35402 -3.86863 -132.527
-0.581109  -4.09751    -133.5
-0.876368  -4.20985   -134.41
-1.15377 -4.26178 -135.277
-1.35111 -4.31112 -136.127
-1.46853  -4.3313 -136.977
-1.51422 -4.38462 -137.842
 -1.5361 -4.42828 -138.719
-1.54551 -4.49044  -139.58
-1.56832 -4.53054 -140.395
 -1.6148 -4.56374 -141.155
 -1.6092 -4.64893 -141.885
-1.54975 -4.74736 -142.603
-1.49632 -4.87531 -143.315
-1.55895 -4.92609 -144.022
-1.77218 -4.88358 -144.716
-2.14256 -4.70611 -145.391
-2.63383 -4.43423 -146.034
-3.14416 -4.16463 -146.636
-3.62248 -3.89123 -147.187
-3.96059 -3.72679 -147.683
-4.13672 -3.62719 -148.155
-4.09323 -3.67843 -148.648
-3.82701 -3.85838 -149.209
 -3.4445 -4.11146 -149.866
 -3.0325 -4.44887 -150.605
-2.62779 -4.75227 -151.403
-2.20641 -5.06995 -152.234
  -1.808  -5.3234 -153.074
 -1.4427 -5.48694 -153.913
-1.10757 -5.60563 -154.756
-0.802407  -5.62632  -155.616
-0.526258  -5.60316  -156.501
-0.276192  -5.50821  -157.403
0.0355332   -5.4498  -158.338
0.418284 -5.47328 -159.297
 0.85449 -5.56938 -160.253
 1.32993 -5.77729 -161.201
 1.78135 -6.04481 -162.127
 2.14243 -6.34244 -163.007
 2.36853  -6.6072 -163.834
 2.49077 -6.84577 -164.612
 2.55608 -7.08924 -165.357
 2.61022 -7.34467  -166.08
 2.70968 -7.63836 -166.793
 2.83359 -7.88585 -167.488
 2.94528 -8.02709  -168.17
 3.04426 -8.06269 -168.855
 3.16104  -7.9928 -169.559
 3.33524 -7.87253 -170.313
 3.58781 -7.75757 -171.146
 3.89583 -7.66233 -172.044
 4.19832 -7.59008 -172.962
 4.42913 -7.55031 -173.859
 4.53484 -7.51857 -174.708
 4.53099 -7.49747 -175.503
 4.47615 -7.53117 -176.247
 4.43585 -7.62932 -176.972
 4.45851 -7.80914 -177.691
 4.58044 -8.05005 -178.413
 4.78846 -8.34067 -179.164
  5.0398 -8.67607 -179.949
  5.2507 -8.99532  179.276
 5.34437 -9.21157  178.554
  5.3227 -9.29159  177.889
 5.28388 -9.28833  177.273
 5.30921 -9.20374  176.706
 5.48561 -9.08326  176.168
 5.80558 -8.91233  175.632
6.26995 -8.6957 175.068
 6.89606 -8.50345  174.467
 7.56872 -8.30912  173.879
 8.22079 -8.09622  173.345
  8.8678 -7.84711   172.88
 9.52514 -7.54838  172.504
 10.1271 -7.22521  172.212
 10.5879 -6.76846   172.02
 10.9163 -6.22237  171.924
 11.1065 -5.63005  171.932
 11.1171 -4.88448  172.033
 11.0009 -4.13287  172.128
 10.8345 -3.46628  172.115
 10.7131 -2.98761  171.987
 10.6702 -2.78961  171.819
 10.6678 -2.78467  171.725
 10.6833 -3.04877  171.723
10.6676 -3.4791 171.836
 10.5738 -4.02404  172.019
 10.3707 -4.65694  172.199
 10.0737 -5.31833  172.333
 9.73697 -6.05628  172.404
 9.3572 -6.7866 172.464
 8.91901 -7.45696  172.534
  8.4548 -8.14274  172.651
 7.91407 -8.75156   172.87
  7.2839 -9.30292  173.193
 6.65067 -9.83885  173.599
 6.17282 -10.4027   174.03
 6.00563 -11.1077  174.375
 6.08299 -11.8444  174.598
 6.30528 -12.5417  174.723
 6.58258 -13.1166   174.77
 6.82904 -13.5778  174.791
 6.93747 -13.8411  174.897
 6.86717 -13.9172  175.155
 6.65116 -13.8468  175.528
  6.4172 -13.6818  175.954
 6.24544 -13.5046  176.336
  6.1125 -13.2789   176.64
 6.02567 -13.0616  176.871
5.92755 -12.847 177.052
  5.7439 -12.5764  177.243
 5.50235 -12.2835  177.476
5.29577 -11.977  177.76
 5.12493 -11.7124  178.048
 4.94341 -11.5093  178.348
   4.757 -11.3459  178.695
 4.62746 -11.2395   179.06
 4.57161 -11.1891  179.382
 4.58158 -11.1842  179.627
 4.65951 -11.2098  179.825
  4.7733  -11.245 -179.992
  4.8617 -11.2929 -179.789
 4.86371 -11.2692 -179.529
 4.81084 -11.2181 -179.217
  4.7352  -11.177 -178.866
 4.64919 -11.1327 -178.491
 4.62148 -11.1709 -178.125
 4.67014 -11.2828  -177.78
 4.77185 -11.4363 -177.464
 4.85905 -11.6041 -177.167
 4.84372  -11.706 -176.843
 4.72947 -11.7033 -176.456
 4.60863 -11.6669 -176.026
 4.53102 -11.6313 -175.576
 4.52082 -11.6188   -175.1
 4.58829  -11.619 -174.585
 4.68307 -11.5872 -174.053
 4.77351 -11.5609 -173.551
 4.85772 -11.5446 -173.091
 4.93719 -11.5348  -172.66
 4.98613 -11.5173 -172.227
 4.99416 -11.5007 -171.761
 4.98123 -11.4786 -171.237
 4.97093  -11.475 -170.661
 4.95641 -11.4835 -170.054
 4.95799 -11.5103  -169.44
 5.01653 -11.5568  -168.86
 5.15612 -11.6604 -168.363
 5.31272 -11.7844 -167.953
 5.40659 -11.8814 -167.601
 5.41746 -11.9708 -167.269
 5.35955 -12.0527 -166.903
 5.24521 -12.1404 -166.457
 5.11657 -12.2514 -165.927
 4.98079 -12.3874 -165.327
 4.82515 -12.5421  -164.67
 4.66475 -12.6923 -163.989
  4.5424 -12.8607 -163.323
 4.44207 -13.0322 -162.691
 4.37061 -13.2508 -162.122
 4.34495 -13.5299 -161.617
 4.29697 -13.7962 -161.122
  4.1757 -14.0504 -160.573
 3.96869 -14.2324 -159.923
 3.71915 -14.3749  -159.16
 3.42184 -14.4422 -158.279
  3.0904 -14.4056  -157.32
 2.71903 -14.2437  -156.35
 2.29864 -13.9853 -155.391
 1.88503 -13.6354 -154.435
 1.48689 -13.2083 -153.476
 1.08335 -12.7667 -152.503
0.711368 -12.2653 -151.489
0.435965 -11.8386 -150.431
0.276239 -11.5242 -149.354
0.301601 -11.3155 -148.291
0.477502 -11.2246 -147.285
0.693318 -11.1539 -146.359
0.904953 -11.1076 -145.521
 1.09841 -11.0863 -144.754
 1.26755 -11.0607 -144.029
 1.40761 -11.0412 -143.328
 1.51565 -11.0166 -142.654
 1.61664 -11.0377 -142.027
 1.76269 -11.1805 -141.468
 1.91302 -11.3879 -140.961
 2.04872 -11.6613 -140.486
 2.12872 -11.9229 -140.008
 2.09246  -12.116 -139.473
 1.92092 -12.2137 -138.846
 1.64397 -12.1822 -138.135
 1.38369 -12.1175 -137.394
 1.24645 -12.0794 -136.665
 1.26132 -12.0708 -135.953
 1.37457 -12.0258  -135.22
 1.46259 -11.8567 -134.422
 1.41076 -11.5112 -133.534
 1.16247 -10.9652 -132.527
  0.8308 -10.3138  -131.41
0.603784  -9.7104 -130.256
0.588858 -9.26044 -129.145
0.771361 -8.98867  -128.12
 1.06462 -8.85619 -127.183
 1.34785 -8.77065 -126.306
 1.55464 -8.66804 -125.457
 1.72315 -8.59899 -124.641
 1.91418 -8.61679 -123.878
 2.14006 -8.74054 -123.195
 2.39355 -8.96368 -122.603
 2.61645 -9.22171 -122.079
 2.76455 -9.45873 -121.585
 2.80128 -9.58691 -121.089
 2.73566 -9.61752 -120.583
 2.59472 -9.56382  -120.07
 2.42374 -9.44983 -119.556
 2.26652 -9.30352 -119.046
 2.14743 -9.14122 -118.553
 2.04509  -8.9766 -118.096
 1.90842 -8.78807 -117.689
 1.74604 -8.60567 -117.351
 1.58216 -8.43347 -117.075
 1.43674 -8.28945 -116.863
 1.33109 -8.19222 -116.695
 1.25215 -8.10975 -116.539
 1.17758 -8.03913  -116.37
 1.07792  -7.9298 -116.181
0.895065 -7.73566 -115.965
0.631482  -7.4741 -115.711
0.311716 -7.09265 -115.422
-0.0410375   -6.68835   -115.126
-0.349937  -6.32828  -114.845
-0.477965  -6.09099  -114.601
-0.371588  -6.06585  -114.385
-0.147272  -6.12136  -114.149
0.0311988  -6.15174   -113.84
0.0654881  -6.06497  -113.458
-0.027087  -5.86733  -113.048
-0.173237  -5.64529  -112.652
-0.286967  -5.42964   -112.32
-0.27756 -5.32556 -112.232
-0.104998  -5.34431   -112.54
0.0910876  -5.39277  -113.033
0.172669 -5.42858 -113.358
0.0729465  -5.38451  -113.598
-0.15004 -5.31517 -113.768
-0.428437  -5.25772  -113.814
-0.679697  -5.24697  -113.798
-0.857639   -5.3072  -113.721
-0.930981  -5.41712  -113.593
-0.899101  -5.57366  -113.437
-0.843142  -5.71632  -113.289
-0.77668 -5.82667 -113.179
-0.709145  -5.89269  -113.092
 -0.6551 -5.87968 -112.988
-0.621038  -5.76138  -112.838
-0.593246  -5.58476  -112.621
-0.54207 -5.36743 -112.321
-0.472533  -5.10377  -111.938
-0.412448  -4.80229   -111.48
-0.416801  -4.41807  -110.949
-0.545621  -3.95248  -110.337
-0.811994  -3.42395  -109.666
-1.13299 -2.88231 -108.917
-1.30028 -2.49887 -108.174
-1.19006 -2.38593 -107.643
-0.929798  -2.47384  -107.174
-0.733936  -2.59201  -106.548
-0.660688  -2.65262  -105.814
-0.628727  -2.70965   -105.12
-0.59091 -2.77325 -104.561
-0.513706  -2.88897  -104.219
-0.422536  -3.02698  -104.092
-0.354988  -3.16726  -104.099
-0.347242  -3.29395  -104.195
-0.413256  -3.37135  -104.315
-0.550495  -3.39804  -104.405
-0.698946  -3.41145  -104.445
-0.805003  -3.43594  -104.425
-0.844022  -3.49961  -104.346
-0.821857  -3.57569  -104.229
-0.753049  -3.66736  -104.125
-0.684359  -3.73936   -104.04
-0.668309  -3.74925   -103.98
-0.692496  -3.71078  -103.916
-0.739939  -3.62751  -103.948
-0.817678  -3.53124  -104.061
-0.956184  -3.39855  -104.167
-1.13888 -3.22877 -104.227
-1.32521 -3.04295 -104.245
 -1.4872 -2.86353 -104.234
-1.62483 -2.68502 -104.215
-1.75605 -2.48316 -104.206
-1.91989 -2.26149 -104.205
-2.12264 -2.00558 -104.203
-2.31475 -1.75203 -104.202
 -2.4624 -1.50623  -104.19
-2.58044 -1.26761 -104.182
 -2.6044 -1.15016 -104.219
-2.47019 -1.21042 -104.327
-2.19491 -1.46471 -104.461
-1.83059 -1.87233 -104.551
-1.45029 -2.33076 -104.545
-1.13133 -2.80155 -104.408
-0.983433  -3.14293  -104.128
-1.03569 -3.35198  -103.75
-1.22836 -3.44303 -103.347
-1.51205 -3.41968 -102.963
-1.78585 -3.36441 -102.641
-1.99701 -3.27912 -102.415
-2.11545 -3.22197 -102.302
-2.15968 -3.17909 -102.291
-2.16807 -3.12716 -102.352
-2.15601 -3.09053 -102.444
-2.14854 -3.02017 -102.517
-2.16092 -2.93096 -102.528
-2.21724 -2.80815 -102.463
-2.32334 -2.63121 -102.314
-2.49357 -2.37992 -102.062
-2.73182 -2.04713 -101.725
-3.01142 -1.67819 -101.359
-3.34264 -1.29104     -101
 -3.78565 -0.863516  -100.642
  -4.3088 -0.417652  -100.256
 -4.88452 0.0256047  -99.8359
 -5.4924 0.411657 -99.3692
-6.08738 0.734666 -98.8414
-6.53279 0.935984 -98.2485
-6.74052 0.978806 -97.6197
-6.68957 0.842117 -97.0005
-6.39753 0.537259 -96.4248
-5.93748 0.124355  -95.927
 -5.40314 -0.326216  -95.5407
-4.86483 -0.76609 -95.2616
-4.38086 -1.12572  -95.088
-4.05286 -1.31107 -94.9887
-3.91293 -1.31336 -94.9199
-3.92497 -1.18597 -94.8548
 -4.03011 -0.956359  -94.7829
  -4.115 -0.72379 -94.7047
 -4.12178 -0.545522  -94.6264
 -4.05154 -0.402804   -94.565
 -3.92905 -0.297025  -94.5399
 -3.80626 -0.192965  -94.5742
  -3.68808 -0.0981095   -94.6775
  -3.56885 0.00606542    -94.842
-3.44056 0.135993 -95.0353
-3.29154 0.300673  -95.228
-3.13476 0.495095 -95.4047
 -2.9891 0.714278 -95.5684
-2.87002 0.956282 -95.7316
-2.76375  1.16455 -95.9144
-2.61422  1.31796 -96.1425
-2.36403  1.35114 -96.4384
-2.00899   1.2204 -96.8029
-1.65114  1.00234 -97.2021
-1.33833 0.708177 -97.5788
-1.11231 0.432002 -97.8594
-0.976326  0.179033  -98.0165
 -0.951611 -0.0209803   -98.0546
-0.986986 -0.200425  -98.0621
 -1.05411 -0.384881  -98.0855
 -1.15959 -0.566986   -98.168
 -1.31113 -0.753244  -98.3244
 -1.49536 -0.921686  -98.5529
-1.68378 -1.07959 -98.8417
-1.87544 -1.21602 -99.1672
-2.07117 -1.31106 -99.4924
 -2.2576 -1.37791  -99.792
-2.42486 -1.40717 -100.045
-2.56835 -1.41513 -100.254
 -2.6938 -1.42431 -100.427
-2.80938 -1.44446 -100.428
-2.92548 -1.48026 -100.271
-3.02497 -1.52337 -99.9889
-3.14531 -1.54583 -99.4225
-3.33083 -1.51362 -98.6281
-3.59974 -1.41521 -97.7691
-3.93783 -1.19733  -96.979
  -4.3049 -0.909799  -96.4063
 -4.69699 -0.600634  -96.1188
 -5.17328 -0.166395   -95.851
-5.67339 0.315498 -95.5589
-6.09093 0.741886 -95.2679
-6.34059   1.0145 -95.0002
-6.48203  1.17884 -94.7433
-6.56552  1.27514 -94.4527
-6.58359  1.36365 -94.1084
-6.48774  1.38925 -93.7515
-6.25222  1.26803 -93.4137
-5.85988  0.99456 -93.1414
-5.36074 0.646496 -92.9692
-4.88564  0.28237 -92.8698
 -4.57607 0.0142757  -92.7051
  -4.47357 -0.0626137   -92.3762
  -4.5471 0.0100662  -91.8318
-4.71245 0.190662 -91.1107
-4.88375 0.418707 -90.1903
-4.96968 0.629524 -89.0835
-4.91186 0.767735 -87.7798
-4.72744 0.756329 -86.5715
-4.43695 0.601834 -85.7522
-4.10708 0.325152 -85.3988
  -3.7955 0.0288204  -85.4401
  -3.5556 -0.203286  -85.5727
 -3.42516 -0.333572   -85.692
 -3.39881 -0.306736  -85.7579
  -3.4366 -0.182597  -85.7592
 -3.46502 0.0120559  -85.7095
-3.44836 0.224396 -85.6413
-3.38794 0.378184 -85.6018
-3.25714 0.418375 -85.6432
-3.04137 0.289078 -85.8877
 -2.81884 0.0647512  -86.4614
  -2.6823 -0.196287   -87.198
 -2.67339 -0.372107  -87.8249
-2.73937 -0.31088 -88.2567
 -2.84427 -0.329172  -88.5111
 -2.89162 -0.343124  -88.6955
 -2.82527 -0.486446  -88.8899
 -2.60809 -0.773272  -89.2041
-2.39553 -1.14738 -89.4871
-2.20926 -1.49024 -89.7828
 -2.1118 -1.73429 -90.1422
-2.10086 -1.86673 -90.5296
-2.15796 -1.93292  -90.911
-2.25281 -1.95189 -91.2503
-2.35724 -1.95188 -91.5144
-2.46188 -1.95979 -91.7023
-2.55127 -2.00027 -91.8166
-2.64506 -2.06419 -91.8701
-2.77053 -2.13365 -91.8638
-2.94693 -2.15366 -91.7907
 -3.1605 -2.09824 -91.6389
-3.40347  -1.9392 -91.3828
-3.64803 -1.65083 -91.0823
-3.85676 -1.28931 -90.8229
 -4.00951 -0.842952  -90.6172
 -4.15567 -0.324806  -90.4269
-4.32606 0.234464 -90.2343
-4.48729 0.764451 -90.0157
 -4.5997  1.18409 -89.6726
-4.65112  1.55704 -89.0502
-4.63651  1.91979 -88.0919
-4.52244  2.22863 -86.9218
-4.30428  2.41744 -85.8475
-3.95988  2.35322 -85.2939
-3.50052   2.0556 -85.1188
-2.99381   1.6027 -85.0914
-2.55237   1.1223 -85.1663
-2.28928 0.728759 -85.2698
-2.24687   0.4952 -85.2831
-2.39122 0.408355 -85.1489
-2.66835 0.439565 -84.8978
-3.02009 0.548788 -84.5576
-3.36983 0.673847 -84.2051
-3.65402 0.754272 -83.9558
-3.84442  0.77739 -83.7836
-3.94978 0.751861  -83.706
-3.99394 0.715195 -83.7393
-3.99428 0.720968 -83.8607
-3.95631 0.785097 -84.0299
-3.85371  0.92257 -84.2038
-3.71338   1.0985 -84.3569
 -3.4949  1.29101 -84.4794
-3.19818  1.46535 -84.5771
-2.85065   1.6099 -84.6656
 -2.5105  1.77377 -84.7565
-2.26539  1.96738 -84.8533
-2.07706  2.16513 -84.9748
-1.86205  2.23912  -85.164
-1.61153  2.14995  -85.415
 -1.3965  1.97623 -85.6824
-1.28029  1.78458 -85.8888
 -1.2581  1.65492 -85.9768
 -1.3129  1.54319 -85.9492
-1.39913  1.43071 -85.8548
-1.51959  1.28557 -85.7491
-1.66816  1.09963 -85.6731
-1.82405 0.903597  -85.663
-2.00247 0.689285 -85.7404
-2.20746 0.497806 -85.8973
-2.41826 0.343939 -86.1045
-2.61564 0.232539 -86.3244
-2.78896 0.159143  -86.526
 -2.94781 0.0881568  -86.7149
 -3.09693 0.0122105  -86.8757
   -3.2352 -0.0788318   -87.0022
 -3.36033 -0.197173  -87.0833
 -3.45479 -0.331558  -87.1127
 -3.53548 -0.468878  -87.0727
 -3.62517 -0.581639  -86.9627
 -3.72878 -0.616053  -86.7791
 -3.85303 -0.532282  -86.5339
 -3.99706 -0.315968  -86.2481
  -4.17071 -0.0588707   -85.9507
-4.41028  0.25752 -85.6528
-4.66914 0.691213 -85.3445
-4.77229 0.967285 -85.0326
-4.63345 0.844219 -85.0001
-4.42513 0.347219 -85.4234
 -4.22461 -0.158945  -86.2586
 -4.17429 -0.242433  -87.2072
  -4.33912 -0.0238559   -88.1792
  -4.41661 -0.0769325   -89.5317
 -4.38324 -0.317944  -91.2884
 -4.31654 -0.764677  -93.2425
-4.11752 -1.15553 -95.2528
-3.88478 -1.48781 -97.1912
-3.84306 -1.62537 -98.8939
-3.97108 -1.67615 -100.226
-4.21938 -1.65967 -101.021
-4.48757 -1.60436 -101.339
-4.74313 -1.49496 -101.265
-4.89524 -1.39875 -101.154
-4.93666 -1.33755 -101.106
-4.94275 -1.28787  -101.15
-4.93156 -1.24215 -101.281
-4.95584 -1.15356 -101.479
-5.01561 -1.02904   -101.7
   -5.118 -0.847081  -101.886
 -5.24228 -0.589067  -101.992
 -5.36419 -0.256614  -102.011
-5.47326 0.101795 -101.997
-5.54798 0.398164 -102.009
 -5.4943  0.56044 -102.102
-5.22731 0.568523 -102.294
-4.80563 0.420792 -102.568
 -4.4564 0.216321 -102.817
 -4.35838 0.0862816  -102.931
 -4.53717 0.0801271  -102.843
-4.88618 0.145852 -102.553
-5.31612 0.239906 -102.117
-5.72507 0.311032 -101.632
-6.02608 0.321778 -101.196
-6.18442 0.278316 -100.881
-6.26548 0.197091 -100.709
-6.34117 0.135633 -100.662
-6.45736 0.141864 -100.691
-6.61393 0.218572  -100.74
-6.77047 0.349254 -100.764
-6.92889 0.534033 -100.716
-7.05297 0.696105 -100.573
-7.16665 0.877616 -100.307
-7.26724  1.03762 -99.9421
-7.33831  1.13871 -99.5014
-7.40968  1.18803 -98.9857
-7.53598  1.20474 -98.3893
-7.74941  1.23433 -97.7198
-8.05085  1.26875 -96.9694
  -8.394  1.31826 -96.1447
-8.72114   1.3602 -95.2678
-9.03794  1.46847 -94.3514
-9.31675   1.7599  -93.416
-9.43933  2.26916 -92.5707
 -9.3731   2.9164 -91.8807
-9.14442  3.52713 -91.2838
-8.80324   4.0148  -90.669
-8.36742  4.28441 -89.9504
-7.96349  4.44611 -89.1105
-7.65836  4.45446 -88.1539
-7.52428   4.3631 -87.1454
-7.56016  4.23735 -86.1634
-7.63065  4.02465 -85.3094
-7.70774  3.83706  -84.578
-7.74162  3.64017 -83.9108
-7.73992  3.46643 -83.2857
-7.70653  3.31389 -82.6968
-7.64329  3.14832 -82.1387
-7.57634  3.01904 -81.6178
-7.50401  2.92728  -81.134
-7.44749  2.98503 -80.7013
-7.40571  3.09229 -80.2897
-7.42992   3.2379 -79.8862
-7.46769  3.29779 -79.4626
-7.48843    3.268 -79.0126
-7.51122  3.18512 -78.5489
-7.50113  3.05446 -78.0757
-7.45461  2.93547  -77.612
-7.37107  2.82477 -77.1728
-7.28367  2.73744 -76.7609
 -7.2294  2.66846 -76.3605
-7.23975  2.63349 -75.9643
-7.30986  2.63384 -75.5745
-7.41617  2.68412 -75.2011
-7.53138  2.84299 -74.8541
-7.59048  3.05483 -74.5453
 -7.5893  3.29404 -74.2843
 -7.5366  3.51007 -74.0527
-7.42886  3.61168 -73.8053
-7.35298  3.65284 -73.5221
 -7.3415  3.61543 -73.1873
-7.40218  3.57919  -72.807
-7.50168  3.59476 -72.4005
-7.59693  3.62886 -71.9856
-7.67196  3.64521 -71.5916
-7.69916  3.58227 -71.2468
-7.70579  3.47478  -70.985
-7.73273  3.40151 -70.7988
-7.78153   3.4364 -70.6196
-7.84249  3.52487 -70.4089
-7.92104  3.61579 -70.1997
 -7.9549   3.6002 -69.9997
-7.98553  3.61848  -69.824
-7.99872  3.66675 -69.6746
 -7.9829  3.74899 -69.5568
-7.94729  3.85625 -69.4657
 -7.8901  3.92159 -69.3912
-7.83937   3.9569 -69.3255
-7.80698  3.96822 -69.2508
-7.80825   3.9893  -69.148
-7.85574  4.04148 -69.0107
-7.93446  4.12379  -68.847
-8.02101  4.22584 -68.6637
-8.08784  4.31086 -68.4582
-8.12363  4.35384 -68.2375
-8.12606  4.37548 -68.0327
-8.07941   4.3803 -67.8701
-8.00003  4.39538 -67.7618
-7.90319  4.40891 -67.6896
-7.80611  4.41792 -67.6145
-7.72861  4.42604 -67.5005
-7.69374  4.43684 -67.3388
-7.70962  4.44111 -67.1269
-7.76481   4.4297 -66.8543
-7.83985  4.41486 -66.5295
-7.89544  4.40705 -66.1821
-7.89736  4.41094 -65.8468
-7.84219  4.43444 -65.5421
-7.74904  4.46748 -65.2703
-7.63616  4.49814 -65.0217
-7.53068  4.52404 -64.7783
-7.45554  4.54505 -64.5143
-7.41105  4.58658 -64.2188
-7.36987  4.68947 -63.9098
-7.30521  4.83082 -63.5972
-7.25249  5.01413 -63.2814
-7.21921  5.17465 -62.9543
-7.20061  5.28325 -62.6007
-7.17147  5.33106 -62.2148
-7.13819  5.37306 -61.8258
