       0        0 -18.0334
-0.00114681   0.0446907    -18.0357
-0.00114681   0.0446907    -18.0357
-0.00114681   0.0446907    -18.0357
-0.00114681   0.0446907    -18.0357
-0.00114681   0.0446907    -18.0357
-0.00114681   0.0458366    -18.0357
-8.94629e-07    0.0458366     -18.0357
-8.94629e-07    0.0458366     -18.0357
0.00114502  0.0458366   -18.0357
0.00229094  0.0458366   -18.0357
0.00343685  0.0458366   -18.0357
0.00343685  0.0469825   -18.0357
0.00343685  0.0469825   -18.0357
0.00343686  0.0481284   -18.0357
0.00229094  0.0481284   -18.0357
0.00229094  0.0481284   -18.0357
0.00343686  0.0481284   -18.0357
0.00343686  0.0481284   -18.0357
0.00343686  0.0492744   -18.0357
0.00343686  0.0492744   -18.0357
0.00343686  0.0492744   -18.0357
0.00458277  0.0504203   -18.0357
0.00572869  0.0504203   -18.0357
0.00572869  0.0492744   -18.0357
0.00572869  0.0492744   -18.0357
0.0068746 0.0492744  -18.0357
0.00802052  0.0492744   -18.0357
0.00802052  0.0492744   -18.0357
0.00802052  0.0492744   -18.0357
0.00916644  0.0492744   -18.0357
0.0103133 0.0492742  -18.0346
0.0114593 0.0492742  -18.0345
0.0114593 0.0492742  -18.0345
0.0114602 0.0492739  -18.0334
0.0114602 0.0492739  -18.0334
0.0114602 0.0492739  -18.0334
0.0114602 0.0492739  -18.0334
0.0114602 0.0492739  -18.0334
0.0126062 0.0492739  -18.0334
0.0126062 0.0492739  -18.0334
0.0126062 0.0492739  -18.0334
0.0137521 0.0492739  -18.0334
0.0137531 0.0492737  -18.0323
0.0137531 0.0492737  -18.0323
 0.014899 0.0481278  -18.0323
 0.014899 0.0481278  -18.0323
 0.014899 0.0469818  -18.0323
 0.014899 0.0469818  -18.0323
0.0160449 0.0469818  -18.0323
0.0160449 0.0469818  -18.0323
0.0160449 0.0469818  -18.0323
0.0171917 0.0469815  -18.0311
0.0171917 0.0481274  -18.0311
0.0171917 0.0481274  -18.0311
0.0171917 0.0481274  -18.0311
0.0160458 0.0469815  -18.0311
0.0160458 0.0469815  -18.0311
0.0160449 0.0481277  -18.0323
0.0160439 0.0481281  -18.0334
0.0171898 0.0481281  -18.0334
0.0171898 0.0481281  -18.0334
0.0171898  0.049274  -18.0334
0.0171908 0.0492736  -18.0323
0.0183367 0.0504195  -18.0323
0.0183367 0.0504195  -18.0323
0.0183367 0.0504195  -18.0323
0.0183367 0.0504195  -18.0323
0.0183377 0.0504192  -18.0311
0.0183377 0.0504192  -18.0311
0.0183377 0.0504192  -18.0311
0.0183377 0.0504192  -18.0311
0.0183377 0.0515651  -18.0311
0.0194837  0.052711  -18.0311
0.0194837  0.052711  -18.0311
0.0194826 0.0527114  -18.0323
0.0194826 0.0527114  -18.0323
0.0194826 0.0527114  -18.0323
0.0194826 0.0538573  -18.0323
0.0194826 0.0538573  -18.0323
0.0194826 0.0538573  -18.0323
0.0194826 0.0538573  -18.0323
0.0206285 0.0538573  -18.0323
0.0206274 0.0538577  -18.0334
0.0206264 0.0538581  -18.0345
0.0206264 0.0538581  -18.0345
0.0206264 0.0538581  -18.0345
0.0217723 0.0538581  -18.0345
0.0217723 0.0538581  -18.0345
0.0217734 0.0538577  -18.0334
0.0229193 0.0527118  -18.0334
0.0229193 0.0527118  -18.0334
0.0229203 0.0527113  -18.0323
0.0229203 0.0515654  -18.0323
0.0240662 0.0527113  -18.0323
0.0252122 0.0527113  -18.0323
0.0252122 0.0527113  -18.0323
0.0252122 0.0527113  -18.0323
0.0252122 0.0527113  -18.0323
0.0252122 0.0527113  -18.0323
0.0252132 0.0527108  -18.0311
0.0252132 0.0527108  -18.0311
0.0263591 0.0527108  -18.0311
0.0263591 0.0538567  -18.0311
0.0263591 0.0538567  -18.0311
0.0263591 0.0538567  -18.0311
0.0263591 0.0538567  -18.0311
0.0263602 0.0527103    -18.03
0.0275061 0.0527103    -18.03
0.0275061 0.0527103    -18.03
0.0275051 0.0527108  -18.0311
0.0275051 0.0527108  -18.0311
 0.028651 0.0527108  -18.0311
0.0297969 0.0527108  -18.0311
0.0309428 0.0527108  -18.0311
0.0309428 0.0527108  -18.0311
0.0309428 0.0527108  -18.0311
0.0309428 0.0527108  -18.0311
0.0309428 0.0527108  -18.0311
0.0309428 0.0527108  -18.0311
0.0309428 0.0527108  -18.0311
0.0309428 0.0527108  -18.0311
0.0309439 0.0527102    -18.03
 0.029799 0.0527096  -18.0288
0.0309449 0.0538555  -18.0288
0.0320908 0.0538555  -18.0288
0.0320908 0.0538555  -18.0288
0.0320908 0.0538555  -18.0288
0.0320908 0.0538555  -18.0288
0.0320908 0.0538555  -18.0288
0.0332368 0.0538555  -18.0288
0.0343827 0.0538555  -18.0288
0.0343827 0.0538555  -18.0288
0.0343827 0.0538555  -18.0288
0.0343827 0.0538555  -18.0288
0.0343827 0.0538555  -18.0288
0.0343827 0.0538555  -18.0288
0.0343827 0.0538555  -18.0288
0.0355275 0.0538562    -18.03
0.0355275 0.0538562    -18.03
0.0355275 0.0538562    -18.03
0.0355275 0.0538562    -18.03
0.0355275 0.0527103    -18.03
0.0355275 0.0527103    -18.03
0.0343816 0.0527103    -18.03
0.0343816 0.0527103    -18.03
0.0343816 0.0527103    -18.03
0.0343816 0.0527103    -18.03
0.0343816 0.0527103    -18.03
0.0343816 0.0515644    -18.03
0.0343816 0.0504185    -18.03
0.0343806 0.0504192  -18.0311
0.0343796 0.0504199  -18.0322
0.0355255 0.0504199  -18.0322
0.0355265 0.0504192  -18.0311
0.0366724 0.0504192  -18.0311
0.0366724 0.0504192  -18.0311
0.0366724 0.0504192  -18.0311
0.0366724 0.0515651  -18.0311
0.0366724 0.0515651  -18.0311
0.0366724 0.0515651  -18.0311
0.0366724 0.0515651  -18.0311
0.0366724 0.0504192  -18.0311
0.0366724 0.0504192  -18.0311
0.0366724 0.0504192  -18.0311
0.0366724 0.0504192  -18.0311
0.0366724 0.0504192  -18.0311
0.0355265 0.0504192  -18.0311
0.0355275 0.0515644    -18.03
0.0355275 0.0515644    -18.03
0.0355275 0.0515644    -18.03
0.0355275 0.0504184    -18.03
0.0355265 0.0492732  -18.0311
0.0355265 0.0492732  -18.0311
0.0366725 0.0492732  -18.0311
0.0378184 0.0481273  -18.0311
0.0378184 0.0469814  -18.0311
0.0378184 0.0469814  -18.0311
0.0378184 0.0481273  -18.0311
0.0378174 0.0469822  -18.0322
0.0389633 0.0458362  -18.0322
0.0366715 0.0469822  -18.0322
0.0366715 0.0469822  -18.0322
0.0378174 0.0469822  -18.0322
0.0389624 0.0469829  -18.0334
0.0389615 0.0469837  -18.0345
0.0389615 0.0469837  -18.0345
0.0378155 0.0469837  -18.0345
0.0378146 0.0469845  -18.0357
0.0389596 0.0469852  -18.0368
0.0389587  0.046986   -18.038
0.0389587  0.046986   -18.038
0.0389587  0.046986   -18.038
0.0389577 0.0458409  -18.0391
0.0389577  0.044695  -18.0391
0.0389577  0.044695  -18.0391
0.0389577  0.044695  -18.0391
0.0378127 0.0446942   -18.038
0.0378136 0.0446934  -18.0368
0.0378127 0.0446942   -18.038
0.0378127 0.0446942   -18.038
0.0366668 0.0446942   -18.038
0.0366677 0.0458394  -18.0368
0.0366686 0.0458386  -18.0357
0.0366686 0.0458386  -18.0357
0.0366686 0.0446927  -18.0357
0.0366695  0.044692  -18.0345
0.0366695 0.0458379  -18.0345
0.0366695 0.0458379  -18.0345
0.0366695 0.0458379  -18.0345
0.0366695 0.0458379  -18.0345
0.0366686 0.0458386  -18.0357
0.0366686 0.0458386  -18.0357
0.0366686 0.0469846  -18.0357
0.0366686 0.0469846  -18.0357
0.0366686 0.0469846  -18.0357
0.0378145 0.0469846  -18.0357
0.0378145 0.0469846  -18.0357
0.0389604 0.0469846  -18.0357
0.0389604 0.0481305  -18.0357
0.0389604 0.0469846  -18.0357
0.0389604 0.0469846  -18.0357
0.0389595 0.0469853  -18.0368
0.0389585 0.0469861   -18.038
0.0378117 0.0469869  -18.0391
0.0378117 0.0469869  -18.0391
0.0378117 0.0469869  -18.0391
0.0378107 0.0469876  -18.0403
0.0378107 0.0469876  -18.0403
0.0378107 0.0469876  -18.0403
0.0378107 0.0481336  -18.0403
0.0378107 0.0469876  -18.0403
0.0378107 0.0469876  -18.0403
0.0378107 0.0481336  -18.0403
0.0378107 0.0481336  -18.0403
0.0378098 0.0481343  -18.0414
0.0389557 0.0481343  -18.0414
0.0401016 0.0481343  -18.0414
0.0412475 0.0469884  -18.0414
0.0469789 0.0446948  -18.0391
 0.053858 0.0435449  -18.0345
0.0538617 0.0492701    -18.03
0.0516285 0.0572335  -17.9669
0.0369381 0.0742834   -17.787
 0.026852 0.0890919  -17.6278
0.0247259 0.0970675  -17.5258
0.0214141  0.106206  -17.4548
0.012375 0.118792 -17.3895
0.00336702   0.130241   -17.3161
-0.00104364     0.13597    -17.2416
-0.00202025    0.137118    -17.1706
0.000431365    0.133681     -17.103
0.00517799   0.129094    -17.032
0.00874003   0.124503   -16.9758
0.0110682  0.117625  -16.9586
0.0156519  0.110749  -16.9586
0.0202334  0.106166  -16.9598
0.0236691  0.101582  -16.9609
 0.025961 0.0981447  -16.9609
 0.027105 0.0958534  -16.9621
 0.027105 0.0935615  -16.9621
0.0282509 0.0924156  -16.9621
0.0282509 0.0912696  -16.9621
0.0282509 0.0901237  -16.9621
0.0293968 0.0889778  -16.9621
 0.030541 0.0878325  -16.9632
 0.030541 0.0878325  -16.9632
0.0236654 0.0924162  -16.9632
0.00876643   0.103876   -16.9644
0.00303465   0.110751   -16.9655
-0.000405387     0.115335     -16.9667
-0.0038455   0.117627   -16.9678
-0.00613502    0.115335    -16.9667
-0.0118485   0.115336   -16.9586
-0.0152548   0.109611   -16.9426
-0.019786  0.100452  -16.9139
-0.0288905  0.0901548   -16.8761
-0.0402998  0.0821534   -16.8429
-0.0505805  0.0810256     -16.82
-0.0643111  0.0764568   -16.8051
-0.0906567  0.0581344   -16.7959
-0.137638 0.0398042  -16.7936
-0.185771 0.0317634  -16.8004
 -0.23276 0.0122241  -16.8164
 -0.299221 -0.0234269   -16.8437
 -0.419519 -0.0694573   -16.8744
 -0.672736 -0.0777518   -16.9031
  -1.05659 -0.0690877   -16.9366
  -1.50119 -0.0745666   -16.9769
  -1.95838 -0.0888973    -17.034
 -2.42241 -0.103285  -17.1106
 -2.91282 -0.123552  -17.1765
 -3.43307 -0.125391  -17.2307
 -3.96369 -0.135765  -17.2672
 -4.49208 -0.142834  -17.2854
 -5.01594 -0.147501  -17.2865
 -5.53989 -0.147784   -17.265
 -6.05476 -0.146115  -17.2148
 -6.54565 -0.151112   -17.135
 -7.01371 -0.169671  -17.0292
 -7.47607 -0.167749  -16.9234
-7.91664 -0.16401 -16.8189
 -8.33317 -0.171484  -16.7093
 -8.74284 -0.174424  -16.5978
 -9.15252 -0.172991  -16.4857
  -9.5565 -0.173223  -16.3674
 -9.95939 -0.183689   -16.239
 -10.3783 -0.186549  -16.1188
 -10.8271 -0.180959  -16.0081
 -11.2965 -0.173356  -15.8977
  -11.775 -0.165091  -15.7944
 -12.2524 -0.157798  -15.6943
 -12.7275 -0.154021  -15.5979
 -13.2061 -0.153821  -15.5053
  -13.695 -0.154219  -15.4136
 -14.1919 -0.151601  -15.3224
 -14.6946 -0.146789  -15.2304
 -15.1961 -0.143607  -15.1342
 -15.6931 -0.138174  -15.0373
 -16.1821 -0.134741   -14.942
 -16.6653 -0.133924  -14.8421
 -17.1417 -0.128214  -14.7446
 -17.6066 -0.119446  -14.6515
-18.0519  -0.1044 -14.5674
  -18.4697 -0.0948833   -14.4839
  -18.8633 -0.0977971   -14.3923
  -19.2582 -0.0942866   -14.3015
  -19.6622 -0.0783122   -14.2185
  -20.0673 -0.0611522   -14.1408
  -20.4655 -0.0497343   -14.0669
   -20.858 -0.0486777   -13.9928
   -21.254 -0.0509799   -13.9159
  -21.6637 -0.0441627   -13.8485
  -22.0803 -0.0323971   -13.7916
  -22.4911 -0.0247074   -13.7367
  -22.8894 -0.0267694   -13.6763
  -23.2864 -0.0306789   -13.6125
 -23.6881 -0.029935  -13.5505
  -24.0967 -0.0326033    -13.483
 -24.5122 -0.028411  -13.4209
  -24.9277 -0.0228931   -13.3542
  -25.3398 -0.0212419   -13.2779
   -25.753 -0.0221456   -13.2001
  -26.1743 -0.0188865   -13.1228
  -26.6036 -0.0155805   -13.0414
  -27.0318 -0.0106414   -12.9606
   -27.4508 -0.00361808    -12.8844
   -27.8537 -0.00572562    -12.8045
  -28.2486 -0.0111968   -12.7173
  -28.6504 -0.0114803   -12.6312
 -29.0625 -0.004671    -12.55
  -29.4712 0.00416172    -12.471
  -29.8695 0.00770659   -12.3861
  -30.2598 0.00744469   -12.2973
 -30.6455 0.0102344  -12.2179
 -31.0278 0.0127968  -12.1488
 -31.4078 0.0140375  -12.0827
 -31.7843 0.0139131  -12.0194
 -32.1643 0.0126262  -11.9566
 -32.5534 0.0120186  -11.8912
 -32.9541 0.0128275  -11.8264
-33.3651 0.015724 -11.7654
 -33.7865 0.0171726  -11.7115
-34.2228 0.014889 -11.6576
 -34.6856 0.0155182  -11.6081
 -35.1714 0.0249407  -11.5687
 -35.6641 0.0349712   -11.531
  -36.151 0.0382013  -11.4798
  -36.631 0.0357791  -11.4155
 -37.1157 0.0373377  -11.3467
 -37.6038 0.0440885  -11.2756
 -38.0838 0.0533461  -11.2002
 -38.5443 0.0586681  -11.1139
 -38.9841 0.0571501  -11.0188
 -39.4067 0.0604034  -10.9313
 -39.8109 0.0635571  -10.8448
 -40.2012 0.0614619  -10.7473
 -40.5813 0.0661432  -10.6551
 -40.9452 0.0774917  -10.5787
 -41.2781 0.0829401  -10.5044
 -41.5731 0.0800804  -10.4209
 -41.8462 0.0749673  -10.3335
 -42.109 0.077512 -10.2448
-42.3603 0.080134 -10.1497
-42.5978 0.075946 -10.0387
 -42.8388 0.0704677  -9.92442
-43.0947 0.076588 -9.82519
 -43.3552 0.0896371  -9.75095
 -43.5997 0.0985938  -9.69311
 -43.8188 0.0929135  -9.62429
 -44.0334 0.0816057  -9.54501
 -44.2652 0.0821715   -9.4785
 -44.5131 0.0971433  -9.44023
-44.7415 0.109126 -9.41502
-44.9274 0.109864 -9.39638
-45.0719 0.104162 -9.37611
-45.1855 0.104168 -9.37125
-45.2705 0.106582 -9.37856
-45.3129 0.111399 -9.39157
-45.3049  0.10894 -9.39724
 -45.2659 0.0960003  -9.38583
 -45.2269 0.0862989  -9.37444
 -45.2097 0.0862944  -9.37606
 -45.2154 0.0927606  -9.38582
 -45.2395 0.0919466  -9.38663
 -45.2923 0.0822609  -9.37199
  -45.407 0.0790475  -9.36549
 -45.5803 0.0887368  -9.37208
 -45.7824 0.0999573  -9.38521
 -45.989 0.101557 -9.38689
 -46.1991 0.0984577  -9.37875
 -46.4137 0.0986344  -9.37066
-46.6283 0.105331 -9.36275
 -46.828 0.112198 -9.34999
 -46.999 0.115496 -9.32332
-47.1366 0.117641 -9.28525
-47.2398 0.116862 -9.24056
 -47.312  0.11556 -9.19017
-47.3567 0.114437 -9.13652
-47.3795 0.113412 -9.08126
-47.3897 0.110583 -9.03079
-47.3908 0.111254 -8.99427
-47.3828 0.115089 -8.97981
-47.3587 0.114507  -8.9741
-47.3265 0.107499 -8.96651
 -47.307 0.100361 -8.96217
-47.3116 0.104129 -8.96963
-47.3231 0.112507 -8.98376
-47.3232 0.113873 -8.99032
-47.3128 0.108356 -8.98604
-47.3059 0.105891 -8.98676
 -47.306 0.111807 -9.00161
-47.2934 0.119809 -9.02547
-47.2499 0.120556 -9.04824
-47.1823 0.115556 -9.07323
-47.1101 0.111192 -9.10393
-47.0471 0.115244 -9.15036
-46.9841 0.121023 -9.19522
-46.9119 0.119957 -9.22767
-46.8432 0.115788 -9.25677
-46.7928 0.114795 -9.28922
-46.7607 0.120169 -9.32673
-46.7379 0.125608 -9.36261
-46.7196 0.125641 -9.38941
 -46.715 0.118871 -9.39895
-46.7391 0.117942 -9.40299
-46.7931   0.1235 -9.40721
-46.8596 0.131612 -9.40747
-46.9227  0.13496 -9.40433
-46.9755 0.134176 -9.40349
-47.0214 0.134121 -9.40512
-47.0604 0.135575 -9.41004
-47.0891 0.138649 -9.41502
-47.1017 0.139488 -9.41424
-47.1005 0.139546 -9.41261
-47.0856 0.141226 -9.41105
-47.0558  0.14134 -9.40781
-47.0156 0.139885 -9.40289
-46.9663 0.142237  -9.4054
 -46.901 0.143753  -9.4087
-46.8218 0.139875  -9.4029
-46.7392 0.139088 -9.40207
-46.6567 0.141406  -9.4062
-46.5672 0.145353 -9.41037
-46.4583 0.150056 -9.41699
-46.3219 0.150699 -9.42433
-46.1579 0.148182 -9.42835
-45.9745 0.148809 -9.43894
-45.7717 0.151804 -9.45687
-45.5402 0.154079 -9.47235
-45.2754 0.154799 -9.48782
-44.9752 0.155593 -9.50493
-44.6406 0.155673 -9.52287
-44.2762 0.147611 -9.52792
-43.8958 0.140323 -9.52896
-43.5119 0.140479 -9.53555
-43.1223 0.142301 -9.54211
-42.7224 0.142363 -9.54384
-42.3144 0.137428 -9.54256
 -41.903 0.133419  -9.5437
-41.4928 0.133325 -9.55602
-41.0769 0.138171 -9.58023
-40.6415 0.136364 -9.60003
-40.1957 0.129853 -9.62025
-39.7466 0.125692 -9.64685
 -39.294 0.126485 -9.68036
-38.8311 0.129838 -9.72015
-38.3487 0.131905 -9.76012
-37.8388   0.1307 -9.79726
-37.3015 0.129473 -9.82547
-36.7332 0.125554 -9.83857
-36.1362 0.121422 -9.83864
-35.5162 0.119042 -9.83438
-34.8711 0.120088 -9.83121
-34.1939 0.121096 -9.82806
-33.4881 0.116651  -9.8227
-32.7639 0.109293 -9.81966
-32.0271 0.107197 -9.82553
-31.2753 0.103368 -9.83438
 -30.5155 0.0933506  -9.84488
 -29.7591 0.0886442  -9.87177
 -29.0083 0.0922418  -9.91505
 -28.2575 0.0919062  -9.95452
 -27.5066 0.0825162  -9.98505
 -26.7705 0.0770845  -10.0188
 -26.0527 0.0808584  -10.0659
 -25.3428 0.0847584  -10.1166
 -24.6329 0.0792748  -10.1588
 -23.9344 0.0696421  -10.2002
 -23.2576 0.0664977   -10.248
 -22.6002 0.0717621  -10.2979
 -21.9519 0.0735759  -10.3425
 -21.3093 0.0707435  -10.3812
 -20.6713 0.0695713  -10.4167
 -20.0401 0.0709439  -10.4531
   -19.41 0.0720172   -10.488
-18.7798 0.070625  -10.517
 -18.1554 0.0644578  -10.5431
 -17.5492 0.0559872   -10.566
  -16.974 0.0539958  -10.5921
 -16.432 0.059304 -10.6227
-15.9153 0.061899 -10.6512
  -15.426 0.0600052  -10.6795
 -14.9678 0.0570254  -10.7039
 -14.5451 0.0562182  -10.7252
-14.1591 0.058924 -10.7426
 -13.8053 0.0620098  -10.7541
 -13.4733 0.0687856  -10.7653
 -13.1493 0.0750968  -10.7787
 -12.8173 0.0768361  -10.7969
-12.4807 0.071449 -10.8158
-12.1544 0.070174 -10.8379
 -11.8419 0.0736907  -10.8658
 -11.5306 0.0771262  -10.8947
 -11.2158 0.0755332  -10.9261
 -10.9022 0.0743604  -10.9623
 -10.5943 0.0767708  -10.9991
 -10.2909 0.0758929  -11.0294
 -9.99563 0.0741202  -11.0525
 -9.71067 0.0764499  -11.0728
 -9.43029 0.0811464  -11.0935
 -9.14876 0.0798766  -11.1085
 -8.86722 0.0793976  -11.1189
 -8.59027 0.0814158  -11.1286
-8.31676 0.081374 -11.1368
 -8.05128 0.0774714  -11.1398
 -7.80533 0.0751945  -11.1395
 -7.58351 0.0776267  -11.1387
 -7.37778 0.0831767  -11.1407
 -7.17894 0.0851672  -11.1433
 -6.98471 0.0847435  -11.1467
 -6.80426 0.0833274  -11.1489
 -6.64219 0.0853426  -11.1515
 -6.49392 0.0899107   -11.152
 -6.35024 0.0921956  -11.1523
 -6.20542 0.0920705  -11.1534
 -6.06059 0.0920706  -11.1535
  -5.9192 0.0910471  -11.1522
 -5.78242 0.0901373  -11.1498
 -5.65137 0.0949411   -11.148
-5.51229 0.100662 -11.1486
-5.35138 0.101481 -11.1521
 -5.17092 0.0977317  -11.1553
 -4.98241 0.0951377  -11.1585
 -4.79161 0.0960881   -11.161
 -4.59391 0.0980986  -11.1646
-4.37897 0.100032 -11.1694
-4.14106 0.106866 -11.1861
-3.87329 0.111745 -11.2153
-3.57794 0.107441 -11.2462
-3.27683 0.104513 -11.2761
 -2.9849 0.109962 -11.3029
-2.69412 0.119331  -11.323
  -2.393 0.137636 -11.3515
-2.07813 0.154452 -11.3925
-1.75407 0.169198 -11.4334
-1.42771 0.187654 -11.4731
-1.10824 0.203011 -11.5068
-0.819769  0.225617  -11.5303
-0.619806  0.284044  -11.5472
-0.472732  0.324138  -11.5625
-0.348584  0.355162   -11.565
-0.254284  0.363234  -11.5605
-0.200221  0.364402  -11.5559
-0.171458  0.358665  -11.5524
-0.16111 0.343719 -11.5524
-0.155369   0.33222  -11.5535
-0.135919  0.340227  -11.5696
-0.101716  0.358524  -11.6168
-0.0664722   0.374528   -11.6789
-0.0347746    0.38366   -11.7536
-0.00181658    0.396288      -11.81
0.0280187  0.403188   -11.818
0.0464213  0.399739  -11.8169
0.0602172   0.39514  -11.8169
0.0705642  0.390541  -11.8169
0.0786117  0.385943  -11.8169
0.0855097  0.382494  -11.8169
0.0912656  0.379043  -11.8158
0.0970139  0.376744  -11.8158
0.102762 0.373295 -11.8158
0.107361 0.369846 -11.8158
0.111959 0.366397 -11.8158
0.116558 0.365247 -11.8158
0.120007 0.362948 -11.8158
0.124606 0.360648 -11.8158
0.128055 0.359499 -11.8158
0.131504 0.357199 -11.8158
0.133803   0.3549 -11.8158
0.136102  0.35375 -11.8158
0.138401 0.352601 -11.8158
0.141857 0.350299 -11.8147
0.144157 0.349149 -11.8147
0.146456  0.34685 -11.8147
0.148755   0.3457 -11.8147
0.151055  0.34455 -11.8147
0.153354   0.3434 -11.8147
0.155653 0.341101 -11.8147
0.156803 0.339951 -11.8147
0.157952 0.339951 -11.8147
0.159102 0.338802 -11.8147
0.161401 0.337652 -11.8147
 0.16485 0.336502 -11.8147
 0.16715 0.336502 -11.8147
0.168293 0.336506 -11.8158
0.167143 0.341105 -11.8158
0.151062  0.36869 -11.8135
 0.15107 0.373286 -11.8123
0.153377 0.370983 -11.8112
0.152227 0.372133 -11.8111
0.152227 0.374432 -11.8111
0.151077  0.38018 -11.8111
0.145322 0.395129 -11.8122
0.140707 0.406631 -11.8145
0.139541 0.411235 -11.8168
0.137225  0.41584 -11.8191
0.130302 0.431943 -11.8225
0.123299 0.450368 -11.8363
0.115486 0.464403 -11.9512
0.0914741  0.491318  -12.2122
0.0479266  0.559593  -12.5744
0.0305165  0.580542  -12.9389
0.0232744  0.583023  -13.3138
0.0167278  0.577428  -13.7348
0.0692128   0.46958  -14.0316
0.100003 0.398346  -14.065
 0.11954 0.365006 -14.0663
0.112642 0.367306 -14.0662
0.109186 0.370757 -14.0674
0.136772 0.343166 -14.0686
0.178174 0.291422 -14.0664
0.268982 0.185666 -14.0715
 0.371201 0.0560305  -14.1228
  0.474682 -0.0606218   -14.2076
 0.504628 -0.113214  -14.2426
  0.51504 -0.132494  -14.2726
  0.51859 -0.139009  -14.3152
 0.548678 -0.173988  -14.3868
0.603074 -0.23853 -14.4864
  0.66103 -0.308735  -14.5849
 0.723588 -0.395196  -14.6618
 0.835712 -0.552896  -14.7342
0.973239 -0.77157 -14.7952
   1.0934 -0.981325  -14.8335
 1.20069 -1.18105 -14.8525
 1.30667 -1.37637 -14.8614
 1.42289 -1.57296  -14.865
 1.55524 -1.77184 -14.8691
 1.72866 -1.91236 -14.8628
 1.95367 -2.01623 -14.8524
 2.20423 -2.12451 -14.8495
 2.48814 -2.17181 -14.8469
 2.82863 -2.17052 -14.8504
 3.22805 -2.13314 -14.8613
 3.64841 -2.08953 -14.8785
  4.0738 -2.09107 -14.9076
 4.50758 -2.10097 -14.9455
 4.95383 -2.07639 -14.9783
5.39422 -2.0449 -15.008
 5.81617 -2.04098 -15.0367
 6.21744 -2.06341 -15.0659
 6.60928 -2.07484 -15.0882
 6.99979 -2.07981 -15.1052
 7.39382 -2.09608 -15.1236
 7.79018 -2.12378 -15.1426
 8.20155 -2.14192 -15.1627
 8.63368 -2.14007 -15.1836
 9.08108  -2.1391 -15.2128
 9.54646 -2.15932 -15.2606
 10.0192 -2.18875 -15.3208
 10.5156 -2.21316 -15.3933
 11.0248 -2.22167 -15.4725
  11.541 -2.20828 -15.5523
 12.0645 -2.20515 -15.6413
 12.5861 -2.21909 -15.7401
 13.1125 -2.23837 -15.8427
  13.647 -2.25142 -15.9479
 14.1917 -2.23474 -16.0449
  14.741 -2.22828 -16.1446
  15.293 -2.24644 -16.2511
 15.8566 -2.26042 -16.3605
  16.429 -2.25535 -16.4576
 17.0137 -2.23553 -16.5446
 17.5969 -2.22271 -16.6254
 18.1854 -2.21584 -16.6925
 18.7701 -2.21739 -16.7505
 19.3499 -2.21444 -16.7985
 19.9243 -2.19752 -16.8296
 20.4988 -2.19415 -16.8594
 21.0746 -2.20274 -16.8926
 21.6419 -2.19725 -16.9167
 22.2147 -2.17742 -16.9327
 22.7877 -2.16958 -16.9523
 23.3414 -2.16928 -16.9801
 23.8831 -2.18253 -17.0251
 24.4214 -2.19641 -17.0707
 24.9433 -2.19675 -17.1092
 25.4561 -2.20299 -17.1506
 25.9541 -2.21717  -17.196
 26.4364 -2.24547 -17.2512
 26.9073 -2.27279 -17.3102
 27.3818 -2.29805 -17.3725
 27.8562 -2.31469 -17.4281
  28.315 -2.32395 -17.4724
 28.7697 -2.34188 -17.5243
 29.2197 -2.35572 -17.5782
 29.6751 -2.34651 -17.6208
 30.1519 -2.30984 -17.6505
 30.6244 -2.25039 -17.6614
 31.0772 -2.19162 -17.6683
 31.4958 -2.15212  -17.685
 31.8761 -2.14698 -17.7266
 32.2133 -2.16442 -17.7837
 32.5183 -2.19092 -17.8455
 32.7981 -2.22028 -17.9066
 33.0641 -2.25067 -17.9702
 33.3266 -2.27752 -18.0303
 33.5995 -2.29963 -18.0891
 33.8827  -2.3157 -18.1483
 34.1723 -2.31237 -18.1947
 34.4858 -2.29801 -18.2324
 34.8313 -2.26756 -18.2647
 35.1936 -2.21605 -18.2865
 35.5617 -2.15892 -18.3098
 35.9051  -2.1209 -18.3493
  36.238 -2.12461 -18.4189
 36.5495 -2.14414 -18.4976
 36.8867 -2.13988 -18.5577
  37.229 -2.11962 -18.6002
 37.5482 -2.10303 -18.6413
 37.8583  -2.0924 -18.6855
 38.1375 -2.09548 -18.7361
   38.42 -2.09753 -18.7803
 38.7029 -2.09388 -18.8054
 38.9782 -2.08167 -18.8135
 39.2314 -2.07179  -18.813
 39.4644 -2.08551 -18.8272
 39.6896 -2.11383  -18.849
 39.9214 -2.13968  -18.863
 40.1637 -2.13749 -18.8478
 40.4188 -2.11369 -18.8082
 40.6661 -2.09533  -18.773
 40.8935 -2.09833  -18.759
 41.1034 -2.12064 -18.7738
 41.3122 -2.12804 -18.7864
 41.5261 -2.11159 -18.7842
 41.7401 -2.08864 -18.7825
 41.9416 -2.07431 -18.7883
 42.1324 -2.08062 -18.8141
 42.3181 -2.09838 -18.8581
 42.5115 -2.09918 -18.8915
 42.7097 -2.07516 -18.9008
 42.8941 -2.05188 -18.9091
 43.0662 -2.04287 -18.9291
 43.2304 -2.04206  -18.952
 43.3901 -2.05111 -18.9794
 43.5449 -2.05327 -18.9973
 43.6982 -2.05354 -19.0071
 43.8529 -2.05712 -19.0201
  44.006 -2.05152 -19.0243
 44.1578 -2.03927 -19.0222
 44.2948 -2.03038 -19.0264
 44.4157 -2.02472  -19.029
 44.5245  -2.0388 -19.0475
 44.6264 -2.05612 -19.0677
   44.73 -2.05777  -19.071
 44.8452 -2.06025 -19.0751
 44.9729 -2.05863 -19.0767
 45.1073 -2.04884 -19.0703
 45.2392   -2.035 -19.0597
 45.3609  -2.0285 -19.0548
 45.4703 -2.03012 -19.0581
 45.5634 -2.03012 -19.0581
 45.6378 -2.02125 -19.0458
  45.683 -2.00516 -19.0229
 45.6903 -1.99638 -19.0025
 45.6604 -2.00532 -19.0034
 45.5966 -2.02801 -19.0182
 45.5153 -2.04587 -19.0265
 45.4248 -2.03865 -19.0045
 45.3188 -2.01762 -18.9621
 45.1832 -2.01195 -18.9319
 45.0142 -2.03393 -18.9295
 44.8307 -2.06736 -18.9384
 44.6487 -2.08112 -18.9277
  44.482 -2.06771 -18.8921
 44.3123 -2.03849 -18.8396
 44.1223 -2.01821  -18.796
 43.9017 -2.01349 -18.7644
 43.6478 -2.01516 -18.7326
 43.3619 -2.02087 -18.7049
 43.0472 -2.02307  -18.674
 42.7081 -2.01995 -18.6368
  42.353 -2.01421 -18.6005
 41.9924 -2.00858 -18.5708
 41.6053 -2.00008 -18.5373
 41.1869 -1.99254 -18.4972
 40.7452 -1.98723 -18.4472
 40.2755 -1.98771 -18.3829
  39.787 -1.99562 -18.3073
 39.2904 -2.01998 -18.2307
 38.7985 -2.05733 -18.1591
 38.3208 -2.07311  -18.069
 37.8637 -2.05304  -17.947
 37.4183 -2.02667 -17.8283
 36.9673 -2.02507 -17.7466
 36.5078 -2.03745 -17.6857
 36.0469 -2.03546 -17.6204
 35.5858 -2.01341 -17.5467
 35.1112 -1.99336 -17.4835
 34.6158 -2.00039 -17.4494
 34.1046 -2.00675  -17.422
 33.5802 -1.99209 -17.3821
 33.0454 -1.96712 -17.3386
  32.487 -1.96184  -17.311
 31.9072 -1.97973 -17.2981
 31.3203 -1.99082 -17.2783
 30.7339 -1.98745 -17.2418
 30.1505 -1.97211 -17.1932
 29.5718 -1.96327 -17.1487
 28.9829 -1.97289 -17.1083
 28.3888 -1.98409 -17.0545
 27.8003 -1.99743 -16.9955
 27.2302 -2.02351 -16.9406
 26.6836 -2.02439 -16.8678
 26.1581 -1.99667  -16.776
 25.6339 -1.97534 -16.6854
 25.1031  -1.9761 -16.6058
 24.5704 -2.00544 -16.5397
 24.0416 -2.01281 -16.4562
 23.5061 -1.96987 -16.3421
 22.9417 -1.92447 -16.2228
 22.3276 -1.93765 -16.1314
 21.6679  -1.9834 -16.0521
 20.9823 -2.00625 -15.9589
 20.2788 -1.99641 -15.8511
 19.5499 -1.97732 -15.7383
 18.7881 -1.99269 -15.6418
 18.0189 -2.05967 -15.5686
 17.2551 -2.10374 -15.4913
  16.515 -2.09358 -15.4021
 15.8027 -2.07198 -15.3197
 15.1023  -2.0639 -15.2498
 14.4113 -2.06495 -15.1874
 13.7343 -2.07336 -15.1306
 13.0744 -2.06599 -15.0724
 12.4304  -2.0402 -15.0091
  11.795 -1.99995 -14.9609
 11.1623 -1.97436 -14.8903
 10.5002  -1.9752 -14.8064
 9.82762 -1.99011 -14.7169
 9.16739 -1.99089 -14.6217
 8.52214 -1.98454 -14.5277
 7.89329 -1.98399  -14.443
 7.27491  -1.9739 -14.3618
 6.67524 -1.96999 -14.2896
  6.1278 -1.92586 -14.2281
 5.66254 -1.85361 -14.1757
 5.24555 -1.71573 -14.1153
 4.94775 -1.56734 -14.0652
 4.67946 -1.51526 -14.0378
   4.416 -1.51911 -14.0185
 4.16152 -1.48313 -13.9893
 3.90665 -1.39038 -13.9435
 3.63081 -1.26249 -13.8844
 3.32842 -1.13826  -13.818
  3.02718 -0.978347  -13.7435
 2.86012 -0.92594 -13.6843
  2.79343 -0.948417  -13.6969
  2.78428 -0.955106  -13.7019
  2.78878 -0.985451  -13.6953
  2.75859 -0.999886  -13.6832
 2.75309 -1.03148 -13.6986
 2.74945 -1.06357 -13.7521
 2.73364  -1.0898 -13.8319
 2.70905 -1.05778 -13.8743
  2.59978 -0.733619  -13.8179
 2.27314 0.198081  -13.738
 1.68581  1.66293 -13.7722
0.756391  2.50368 -13.9547
0.953516  2.67456 -13.9592
0.878721  2.61257 -13.9798
 1.12622  2.41894 -13.9936
1.03468 2.45078  -14.03
0.952479  2.48205 -14.0364
 1.02459  2.41074 -14.0503
 1.14275  2.24026 -14.0674
 1.19691  2.13758 -14.0695
 1.15299  2.21841 -14.0714
 1.05589  2.34315 -14.0759
 1.04781  2.34546 -14.0759
 1.08821  2.29583 -14.0757
 1.09858   2.2716 -14.0761
 1.07313  2.31087 -14.0777
 1.04766  2.33283 -14.0796
 1.05924  2.31897 -14.0787
  1.0615  2.31553 -14.0799
 1.04997  2.32591 -14.0797
 1.05573  2.31899 -14.0798
 1.05688  2.31783 -14.0799
 1.05112  2.32245 -14.0798
 1.05342  2.31783 -14.0799
 1.05227  2.31668 -14.0799
 1.04765  2.31783 -14.0799
 1.04996  2.31437 -14.0799
 1.04996  2.31437 -14.0799
 1.04765  2.31437 -14.0799
 1.0488 2.31206  -14.08
  1.0476  2.31208 -14.0811
  1.0464  2.31211 -14.0823
  1.0464  2.31095 -14.0823
 1.04525   2.3098 -14.0823
 1.04525  2.30864 -14.0823
 1.04525  2.30749 -14.0824
 1.04524  2.30634 -14.0824
 1.04524  2.30518 -14.0824
 1.04524  2.30403 -14.0824
 1.04524  2.30288 -14.0824
 1.04524  2.30288 -14.0824
  1.0452   2.3029 -14.0836
  1.0452   2.3029 -14.0836
 1.04519  2.30174 -14.0836
 1.04399  2.30061 -14.0848
 1.04395  2.30063 -14.0859
  1.0439  2.29834 -14.0871
 1.04381  2.29839 -14.0895
 1.04376  2.29841 -14.0906
 1.04487  2.29727 -14.0918
 1.04487  2.29612 -14.0918
 1.04487  2.29612 -14.0918
 1.04487  2.29612 -14.0918
 1.04371  2.29497 -14.0918
 1.04487  2.29497 -14.0918
 1.04487  2.29381 -14.0918
 1.04487  2.29266 -14.0919
 1.04487  2.29266 -14.0919
 1.04487  2.29266 -14.0919
 1.04487  2.29381 -14.0918
 1.04487  2.29381 -14.0918
 1.04487  2.29381 -14.0918
 1.04487  2.29381 -14.0918
 1.04487  2.29266 -14.0919
 1.04487  2.29151 -14.0919
 1.04371  2.29035 -14.0919
 1.04371   2.2892 -14.0919
 1.04371   2.2892 -14.0919
 1.04256   2.2892 -14.0919
 1.04256   2.2892 -14.0919
 1.04256   2.2892 -14.0919
 1.04256   2.2892 -14.0919
  1.0414  2.28804 -14.0919
 1.0414 2.28689 -14.092
 1.0414 2.28689 -14.092
 1.04251  2.28691 -14.0931
 1.04251  2.28691 -14.0931
 1.04135  2.28691 -14.0931
 1.04131  2.28693 -14.0943
 1.04131  2.28693 -14.0943
 1.04242  2.28695 -14.0954
 1.04242  2.28695 -14.0954
 1.04126  2.28695 -14.0954
 1.04126  2.28695 -14.0954
 1.04126  2.28695 -14.0954
 1.04126   2.2858 -14.0954
 1.04126   2.2858 -14.0954
 1.04242   2.2858 -14.0954
 1.04242   2.2858 -14.0954
 1.04242   2.2858 -14.0954
 1.04242   2.2858 -14.0954
 1.04242  2.28464 -14.0955
 1.04241  2.28349 -14.0955
 1.04241  2.28349 -14.0955
 1.04241  2.28349 -14.0955
 1.04237  2.28236 -14.0967
 1.04237  2.28005 -14.0967
 1.04237   2.2789 -14.0967
 1.04352   2.2789 -14.0967
 1.04467  2.27774 -14.0967
 1.04583  2.27659 -14.0968
